2.534994063249175131e-02
1.756746772605924656e-01
-1.879322117853201857e-01
6.941964038524230107e-02
-4.630165090159666930e-01
1.788107396507204738e+00
-1.198980559786517297e+00
3.661715689402283286e-02
-4.194728907119837369e-01
-4.172471811831124366e-01
-1.121480423670271565e+00
-6.038495052550094666e-01
2.534994801854549909e-02
1.697253957987661932e-01
-5.898106742936455593e-03
2.534993946763199058e-02
1.697253862900628962e-01
1.756746944487765916e-01
1.756746879699525032e-01
1.284325399330950579e-01
2.534994236945302404e-02
2.453676389157274096e-01
-1.340150838463414207e+00
1.409254738283129693e-01
2.534994625415182626e-02
1.409254828806967008e-01
1.697253849849880980e-01
9.854364555490009725e-02
2.534994197817791103e-02
2.534993736750387403e-02
1.105196508126555788e-01
2.058801532963757119e-01
2.534993948613151193e-02
2.534994106988659388e-02
-4.721095404610138324e-01
7.688367095006454210e-02
1.756746715584369956e-01
-1.658189100518455694e-01
1.425623296256245676e-01
-1.179868915708416122e+00
1.697253917830797432e-01
1.697253940972195951e-01
1.539442349767574103e-01
2.534994163798382286e-02
2.534992972140901260e-02
2.916575517479138013e-01
2.453676468289053558e-01
-3.765191238005296537e-01
1.108184196389704335e-01
2.534994168809681300e-02
1.756746973447533833e-01
1.225381959667118242e-01
2.534994550411602890e-02
3.661716281543079404e-02
1.697253797647717000e-01
1.237242924076828315e-01
1.246724989687236496e-01
2.534994822572904372e-02
2.534994040352272354e-02
7.688364284399358539e-02
2.534994465699628649e-02
2.534994847633603721e-02
1.756746830298220874e-01
7.426614094803010713e-02
-3.488113687606158031e-01
1.825366732201166575e-01
1.935478222729653530e-01
-2.160391765078915616e-01
1.756746739000034918e-01
2.534994211319023527e-02
1.756746827629818708e-01
2.534994345210000999e-02
3.529544702803283918e-01
2.046307711702808896e-01
2.058801387292944485e-01
-1.202649560119831929e+00
-4.486744624530857734e-02
1.756746791909974403e-01
2.534993418313798499e-02
-6.111215799212604827e-01
1.697253798811354242e-01
1.178267426618445496e-01
2.534994644780902417e-02
2.534994206745480941e-02
3.661717184957147958e-02
1.178267448874455864e-01
1.178267580233253453e-01
2.534995601835221199e-02
2.534994949333823147e-02
1.609185137691797607e-01
-2.345649014465530091e-01
9.976098852465168365e-01
-3.424510628728150152e-01
-1.632554470542231684e+00
4.395738601837528153e-02
1.076039978449487844e+00
-6.050966809160058801e-01
-1.016039833524989389e+00
-1.484701027635350334e-01
-2.791933195302983006e-01
1.867753689721552146e-01
-3.666080802820385204e-02
-5.162650355958594561e-01
1.867753618721615938e-01
9.773846797636696893e-02
2.914846273836358415e-01
2.922777142577755449e-01
1.867753631790303182e-01
-4.778809756061291880e-02
-2.210560901590213814e-03
2.859513532003646885e-01
1.578316137084912196e-01
1.867753555448262159e-01
-2.562968271660273287e-02
1.867753774366771868e-01
8.773059587882203747e-02
-3.068849074704006058e-02
2.057805608619178370e-02
-4.389698961322817394e-02
-3.231404960344123889e-02
1.793184154818382448e-01
-3.572191426768804301e-01
6.338758611455383440e-02
1.578316099186185817e-01
1.578316087749805086e-01
-2.200680517492984226e-02
9.710870546506666923e-02
-2.562969032971618502e-02
8.773061126386473563e-02
9.773846365539548553e-02
-7.340325407206286235e-01
2.901235571641783695e-01
1.578315955595128162e-01
9.773846221732657158e-02
-1.103958312971828754e-01
9.773846426296989298e-02
1.867753643464102609e-01
-7.151673213203046942e-01
9.773846907093351744e-02
1.578316013285960828e-01
-6.790590493875801881e-02
-1.150069935646827815e-02
1.867753549956193138e-01
-1.424183486608572857e-01
6.709048346505919191e-02
1.867753651008685345e-01
2.841490451604062328e-01
1.867753563663788197e-01
9.773846927694940234e-02
9.773845048399856794e-02
-1.556268606608773031e-01
2.952656287518217182e-01
-6.111203155376782048e-02
-2.562968992438440299e-02
-5.111133281932030981e-01
3.744178385784933255e-02
-3.113125884731833201e-02
-2.125275635401769891e-01
1.793184213633530755e-01
2.350475231536775650e-02
3.195615347967910025e-01
7.663504215888378157e-01
8.482357561728405548e-02
4.502342596499243205e-02
9.122276828176500985e-02
1.579598393177822097e-03
5.914419523768101039e-02
1.268842091516395598e-01
6.553834218996811012e-02
1.071118558165845419e-01
-5.361427032035319395e-02
-5.374021252646055125e-01
-1.327174975738038519e-02
8.047539868237486849e-02
1.071118630932787613e-01
1.071118557186299391e-01
6.333768833549123511e-02
8.942924765277583676e-02
2.880123270231520270e-04
9.612809236890051956e-02
9.245683239277914522e-02
-9.161062003777231677e-02
5.028649580199184323e-03
2.880149729622212182e-04
2.880096246821772289e-04
8.540212153986959098e-02
1.404300269253110911e-01
-7.804269307998414930e-03
1.546706709555005776e-01
-7.683873094407379645e-01
-1.566849299343711296e-02
-9.445811825695556163e-02
8.217310245747737329e-02
-4.421435621100427635e-03
1.021150027218464124e-01
1.071118534860541760e-01
8.349719446213823074e-03
-6.023287383859187577e-02
3.869187257418749137e-02
1.777677096052158734e-01
6.202369777775465498e-02
1.268842047543906892e-01
1.071118527251371244e-01
-1.115101771213975024e+00
1.147804963233716030e-01
-6.223188271600796906e-01
1.071118567509678904e-01
1.017635173687323480e-01
1.071118489558327697e-01
8.400540959495667037e-02
-3.082350325966445870e-01
6.257777442114349775e-02
6.991725220234784599e-01
3.755710295179608832e-02
7.682499048431531974e-02
-2.841081400873174401e-01
-1.810339730762246413e+00
-5.077849645115656979e-02
5.100899274078558865e-02
6.232641747180207858e-02
1.288592622353570416e-01
5.564966287361855501e-02
5.096339035175737747e-02
7.757677021219658298e-02
8.393329784363136314e-02
5.100899557048389071e-02
5.853583747806500454e-02
-4.768590081783594115e-02
4.538311151096305340e-02
4.796552838912363642e-02
-2.070730461143242829e-01
2.904229791000881994e-02
5.012146700432596608e-02
5.563370622013654593e-02
4.777937455889446489e-02
3.474400534917759104e-02
5.745480016584338795e-02
1.253065100297673096e-01
-1.631307073081214934e-02
5.100899508323818166e-02
4.238015279600357982e-02
6.440592827052815661e-02
4.990941545055382900e-02
6.505728027288419646e-02
1.253065233232452114e-01
6.000160031559741147e-02
8.100489201591494492e-02
6.495480760836774836e-01
2.136830027185746342e-02
-6.255462930853308734e+00
4.182017285090265379e-01
4.182017302628611710e-01
3.838625368475586108e-01
4.124371098587692464e-01
3.333328368246218920e-01
3.907330040401835181e-01
-1.194871263569099729e-01
4.064077077008919070e-01
3.912827013941014842e-01
4.182017428944987958e-01
2.803005106458070772e-01
4.298969960464204543e-01
4.010024518834725549e-01
4.083680968941478251e-01
4.034599178273677311e-01
8.578926853086326076e-01
