3.607797465060487707e-01
-3.977051484685878435e-01
-9.022247970320806942e-01
4.895105352027182694e-02
-2.499099810866001192e+00
-1.214319427933093554e+00
6.332738429993287621e-01
-3.305106923491174076e+00
6.821918246214483394e-01
6.798957449344961157e-01
2.632973434733575369e-01
-2.569922640512419254e-01
-1.447571213623577435e+00
-3.939090628397246552e-01
4.020560166812414682e-02
-6.147451986464066431e-01
6.752408651866161904e-01
-8.261654713756134694e-01
-2.682473373304196107e-01
3.169098960559931788e-01
-6.067446686743505069e-01
6.478354799995096336e-01
6.575477721475849746e-01
1.193227356758651408e-01
1.742680269076879798e-02
-3.615603514880584846e-01
-9.006382113397087136e-03
5.464911601108433103e-01
4.940548690396916187e-02
4.943787237659442724e-01
6.878931287105526371e-01
6.603530324319305533e-01
2.444064642020431916e-02
-1.309264517788217619e+00
-2.029180902339279058e+00
6.062726718077473542e-01
6.669866721925467035e-01
6.598955105954387168e-01
5.947206399355411399e-01
6.666328073378330332e-01
-8.571636056094028566e-02
-4.953066918925942419e-01
-2.387558059325595727e-01
9.345368909548798508e-02
2.770790131634082720e-01
-6.093997145889181732e-01
6.649521052707511037e-01
1.042857704390925955e-01
6.631798674502472624e-01
6.587638087771133799e-01
-1.846654012264690725e-01
6.543757808484645944e-01
6.798957437539578930e-01
4.879780570830586361e-01
-5.386553731232431863e-01
5.617312171771901008e-01
6.706588657448511182e-01
6.951641340496433896e-01
6.497596758127807126e-01
6.536554810180864594e-01
5.687820639591908423e-01
5.664945359052503404e-01
-1.597122823551198889e-01
6.525457708788106048e-01
5.927948227053956298e-01
1.671182868369008034e-01
5.053090490331235696e-01
2.789522514346502724e-02
-1.701264605611302050e-01
-4.036865422646137569e-01
-2.758764335890373065e+00
6.507404839836875565e-01
4.407867355888351879e-01
-4.335923994424848993e-01
-1.256447824778587519e+00
-3.089347021086509808e-03
4.657863162648171601e-02
6.166509709689298457e-01
-4.235495615221825383e-01
3.658039429296567890e-01
6.655446783367201524e-01
4.999543466233996591e-01
5.404923938928379856e-01
5.464911608344221738e-01
-3.744850941902149732e-01
-5.970893098309416613e-01
-2.081240102491998645e+00
-1.998074396695416866e+00
-4.550664354926146071e-01
5.769309829032409631e-01
6.192033044176581402e-01
6.098891687263787720e-01
5.875221951445311896e-01
-1.710146220141998130e+00
6.406141380613383784e-01
6.391703610550480974e-01
5.960321381194645385e-01
4.439593849356350264e-01
-9.976329183297498737e-01
6.803006943348139934e-01
-4.540018752790288548e-01
5.244014858470977813e-01
4.318699756151230668e-02
3.048281548861362864e-02
-3.544610575632656246e-01
-6.473074648916105067e-01
6.826318313889727651e-01
4.730963218453530517e-01
6.320559033908086377e-01
6.611553608418212491e-01
6.030563866115288274e-01
5.622491719897647622e-01
6.035683488693878163e-01
6.353322022704490646e-01
6.166509691754963329e-01
9.488088947864599387e-02
7.841923691359170556e-02
6.117334529163139800e-01
5.842008559316124172e-01
6.704344167366920182e-01
-5.083569225248798507e-01
5.824468311936444875e-01
5.867607850844406281e-01
2.703572338305336165e-01
1.951935312402972023e-02
6.637978855323694027e-01
-6.388448069671355534e-02
1.139540579240065632e-01
3.588743924182102307e-01
7.578086606714298790e-02
6.705887021131534675e-01
-8.271411660475977978e-01
6.043686628834830238e-02
5.515570551479136441e-01
8.034071414386173560e-02
6.174275154969171009e-01
1.002320664820292723e-01
2.996331016138327752e-01
6.616587264018563008e-01
6.483712761465709740e-01
6.467559826403952439e-01
-2.882417171364251574e-01
-4.980026547265150594e-01
-7.913118860171516333e-01
-1.048604441649736430e+00
-9.722603107197526073e-01
6.726827432462482159e-01
6.493181106170033967e-01
1.944811019730939838e-01
5.606566410707869430e-01
6.003914591533259237e-01
6.516174993498939916e-01
-1.337478351360567252e+00
6.262790931753404733e-01
6.667585203076512590e-01
3.968543844835290685e-02
6.267747908965052295e-01
-2.691317277641549044e+00
6.461240870809654702e-01
5.655150537224122864e-01
-4.044069217065769661e-02
6.503938988598808590e-01
-3.065565030506795630e+00
5.682086888385350365e-01
6.402015615236676949e-01
7.024783125849533016e-01
6.567845704347743396e-01
-8.965927858550423735e-02
6.699319983658024169e-01
6.152769936524493666e-01
6.523731290375623937e-01
5.781066230708586939e-01
3.429744124898069513e-02
-8.569510503408850344e-02
-9.455150481784983796e-02
6.449083866159186496e-01
6.605142599365086964e-01
1.138419781497414657e-01
6.620796901559543590e-01
-1.018257145756612081e+00
-1.965855258569464858e+00
-4.134643539491010600e+00
-5.516804779475021903e-01
-7.905661002423484129e-01
6.365646190635880775e-01
-2.018124373635185265e+00
-3.785934373267468289e-01
-1.512012611479661706e+00
9.881920136453960224e-02
-8.515782329104605308e-01
6.694401490229877627e-01
5.623784204624475702e-01
-9.780195828408948522e-01
6.329150096674365233e-01
-2.121089629678079902e+00
-3.337385405325389853e-01
8.396991119936536574e-02
6.737965590842674990e-01
6.501131105318970205e-01
7.196015200060729144e-02
6.905886106320714701e-02
6.635828914609878115e-01
6.368192025966289416e-01
6.111300597101796406e-01
2.907143958791624100e-02
4.003541433210002776e-01
3.793908546259122661e-01
5.997045449583020549e-01
-1.427410280241299574e-02
-2.510850766283839741e-01
-3.337784895925457462e+00
-3.725775502416561746e-01
-1.240743944848399088e-01
-4.391878865988914082e-01
-6.270015279423662991e-01
-1.448213032554062307e+00
-4.975242212980170997e-01
6.800010932631141147e-02
4.362751415077517070e-01
6.596252039265715350e-01
6.499496296907600890e-01
-1.465906013703420552e+00
1.136763155329427594e-01
6.688337252205964756e-01
6.618030438996940212e-01
6.463827365282696080e-01
6.895593189400976986e-01
-1.199290047017906591e-01
-3.002454802670868172e+00
5.716757690206401010e-01
1.366048593666516098e+00
-4.633820644256258364e-02
-1.005326407688157397e-01
-1.498502534137051700e+00
5.396032355568244343e-01
-1.972991258808452081e-02
5.521533263038792549e-01
-5.467442340190711292e-01
-1.020014819063143507e+00
-1.800124883731762049e+00
5.263508296252167318e-01
5.217284942891901034e-01
-1.746266063984843298e+00
-3.655947286231586713e+00
6.650349123818881381e-02
2.256363807819327105e-01
-2.304649873090177881e+00
-1.450700875661996569e+00
5.325132472995732780e-01
-3.767894563161999777e-02
5.548110928144091014e-01
-2.166534800718705966e+00
4.792554568561946948e-01
-2.822208265477229028e-01
-3.091749645689267217e-02
5.013479055945677665e-01
4.738576874254846194e-01
-2.827487445169800662e-01
4.361397635491729985e-01
-1.752024352946188968e+00
-1.015515067743809480e-01
4.522377673262661935e-01
4.304935083534459639e-01
5.298332847333971918e-01
4.040964734355436128e-01
5.148260654064132913e-01
5.420501068347839402e-01
5.398250173469913982e-01
3.638767091044488589e-01
4.844306715800097418e-01
5.385621722043796300e-01
4.520908106149943428e-01
1.542136431491752391e-01
-1.968036901325391497e-02
5.329423207002984553e-01
4.288614080501819137e-01
5.146962767177606368e-01
-1.217898011813108722e-02
5.364599553873146132e-01
5.827875453862735311e-01
5.129302800829960152e-01
2.523964819431857576e-01
5.357944105256190470e-01
5.147069365050016554e-01
5.248113122369832961e-01
-5.133442626247907148e-01
5.291776802921229761e-01
5.275198567911972836e-01
4.869869444847115814e-01
-2.645596116003111065e-01
-5.898024945734968438e-02
4.237449149175414043e-01
5.486908491323800874e-01
5.100414061097124918e-01
5.425723968001811004e-01
5.126449329700702995e-01
-2.330695524839857813e-01
4.393800545245597489e-01
5.489442988112446242e-01
4.811548165830872859e-01
5.103462561224408889e-01
5.396244692152611933e-01
5.242207817192579000e-01
4.579301759456423926e-01
5.347245432312875968e-01
4.940783059961542101e-01
4.590029446134260560e-01
4.341162176704432274e-01
4.587750597053894541e-01
-6.443251240615216480e-02
-2.044083536068600271e+00
5.381427079200505892e-01
2.593114542299483349e-01
1.635039105342717403e-01
-1.115416235093227737e+00
5.327197551575276746e-01
5.224104541005660796e-01
5.529294135856999137e-01
-1.615626622229019649e+00
-1.003879256716970314e+00
4.818535700160619939e-01
-2.963180428755534668e-01
-1.578343495710734790e-01
5.305929776307768408e-01
-1.061489184221182880e+00
-1.152411227702637847e-01
-7.792823571714443953e-02
5.124636707701998306e-01
-9.829911410230314506e-02
3.638767120192585303e-01
-5.368816496628814328e-01
-2.737852984141928708e-02
4.288614063225152373e-01
4.292109526129779806e-01
-8.400822548268892520e-01
-1.964011708940271328e+00
-2.337018475845388465e+00
5.130207145491381127e-01
4.886826897851377915e-01
2.547154336724264390e-01
5.553177494952408200e-01
-1.646289598091480455e+00
5.458738650272473292e-01
5.212297387831877904e-01
-9.087404663303345898e-02
4.751387622536163424e-01
1.627755806565620370e-02
5.505298816807220330e-01
5.155323415735373338e-01
-4.005577853210240402e-01
-1.328647087503144419e+00
5.304464275585322186e-01
-7.086932573676157920e-01
-7.098051050559517350e-01
5.421256903459291676e-01
5.450967948892171400e-01
5.451629779667866993e-01
4.450732399953734597e-01
5.390575355697044824e-01
5.500090011835897519e-01
5.176997523517951061e-01
-3.505639230227373254e-02
-5.841486139950513579e-01
-3.853554429728085068e-02
-1.136281062353427851e+00
-9.690575001668641497e-02
-4.612400361853059155e-02
4.505775732876369788e-01
4.694049701235806782e-01
-6.920789270472270660e-01
-7.916119747456715761e-01
-1.090103606770423061e+00
-8.710123188107580239e-01
-1.818043514165132712e-01
5.385276545733453935e-01
5.155780916331372810e-01
-5.431572180541591743e-01
5.344805220768245047e-01
4.969987178569764130e-01
5.523901893725435830e-01
-2.748891109699683200e-01
5.683840453299482398e-01
-4.716759452242857281e-02
5.325311032751151030e-01
5.402211956570832641e-01
-7.263501421120968082e-01
2.667050125249559867e-01
5.504389056296099536e-01
-2.030814514233073576e-01
5.565301367794509568e-01
-3.120868983168564315e-01
4.681347869114885207e-01
4.758288055920114057e-01
4.848098901676545225e-01
3.520260821678589114e-01
5.322807105277467254e-01
4.736584295822111046e-01
5.494341580569771510e-01
-1.723928660502825894e+00
5.439884055358101822e-01
-2.954304333419194517e+00
5.546105438964139545e-01
5.482293124406636409e-01
5.415616992703919941e-01
5.264241548000514470e-01
5.193918737784458672e-01
-6.127113914432236186e-01
4.047579045281229915e-01
2.769312983317263610e-01
-9.164597796322918599e-01
5.101885948061832821e-01
5.659197151552791683e-01
5.248964530827932018e-01
4.184440506164715523e-01
5.294008182789599060e-01
5.306642802701830863e-01
1.393921637412496584e-01
4.827321478430144919e-01
5.419083600148643098e-01
4.070194489160576246e-01
5.088549294275537260e-01
4.253847009610968732e-01
5.037704942189765722e-01
-1.007512737419574422e-01
-1.411804377934103294e-01
5.062549911775660050e-01
-6.189595391891963838e-02
5.253926474453901596e-01
5.684084758934985215e-01
5.301688834955131657e-01
-1.061432692801291378e+00
-4.048980685789266509e+00
-4.946155130927858412e-01
2.822522981636375605e-01
-7.716655085159671579e-01
-8.025270300396735168e-01
-3.175967105703262350e-01
-2.629610602388600116e-01
5.474842199850418201e-01
4.854037869090847557e-01
5.651358517222525579e-01
-2.740807038438732857e-01
-3.081392810228888113e+00
-4.676261671801851261e-02
-9.782078807911990387e-03
5.336014319217780022e-01
5.368442609692649636e-01
5.258116474819162223e-01
4.296958334624284004e-01
5.218409111384323396e-01
5.114737686136635597e-01
5.264794918978477067e-01
-1.415518344604742795e+00
4.566750369713740709e-01
4.098150173004007635e-01
-1.550321498083823579e+00
5.104964338250663758e-01
-2.224094238454272718e-02
-2.538816703857122992e+00
4.901226744743624741e-01
5.721014701022887339e-01
-5.269743105488197132e-01
-2.149808804795261610e-02
-5.616646431881395785e-01
-1.325461111286104776e+00
-1.559645099700521509e-01
5.432938433633548447e-01
5.136070522782523184e-01
4.494760140766189682e-01
-4.607431297571897705e-02
5.222991338704275899e-01
-5.734077973214297963e-02
5.656991461221363426e-01
5.100413981040389233e-01
4.015103463501177306e-01
-3.494574295832330590e-01
-2.831014039910096702e+00
5.385130247045213370e-01
1.264920118410192362e+00
1.613549131928294078e-01
-1.244263001146179493e+00
-1.873778488109817397e+00
-1.990043756856356982e-01
-1.595452114804231658e-01
-1.383855070129570430e+00
2.394174148300323157e-01
1.735028398181877318e-01
-1.027776059681839271e+00
-2.283465524017426862e+00
-3.660660635578329547e+00
-5.091158830259929768e-01
-1.022748049567670847e+00
5.195033484547120217e-01
5.488939993045994781e-01
-2.020719373844348965e+00
-1.318330055612632945e+00
5.005135608215057763e-01
-2.203215231697907228e+00
-1.625583548520445898e-01
4.129200732616420400e-01
-1.047478710035145005e-01
-7.427267049431505175e-01
5.075429505383398654e-01
1.079655965788633466e-02
4.726322465917522364e-01
-1.023384527883047346e+00
4.800661639545903969e-01
4.205005992654787805e-01
4.668580727629556004e-01
4.786387209180071878e-01
4.987772277595447501e-01
5.282124947966406747e-01
-1.029076377509373086e-01
-6.782162950681170921e-01
4.419055173891032195e-01
5.255443423363249655e-01
3.948731341250905080e-01
5.049094411710229879e-01
3.719141651187418685e-01
-8.831020487103695416e-02
-2.442359675570120736e-01
-1.150214985436214032e+00
4.978956212758682831e-01
-3.285355296698595495e-01
4.449656899086543160e-01
5.185409734670840542e-01
4.414991923143165575e-01
-9.041947935355688915e-02
5.147513179143766715e-01
5.031689721521637182e-01
-1.878985340656220970e-01
4.777080598095642672e-01
1.170480123405946704e-01
4.852387868550457339e-01
4.864618867951298609e-01
2.729426713057622189e-01
5.099655379594439930e-01
1.000416876653992537e-01
2.996662104744431399e-01
-1.604564481089680028e-01
3.971572716601353137e-01
1.228579658583618672e-01
3.588418392098790544e-01
-1.483417693734119247e+00
4.875948376559872122e-01
4.940149961430949643e-01
1.462651553228093704e-01
4.704886890576862046e-01
5.210966842427517953e-01
4.978676709965673686e-01
4.876653882461687295e-01
4.960057793221061551e-01
4.948149462784493524e-01
5.351895646197262213e-01
-2.353696133962166204e-01
5.084650358324314112e-01
2.193928080858311702e-01
4.927359764312876367e-01
4.929054308625489544e-01
5.105458914182418040e-01
4.924372931320460389e-01
4.576144864351184283e-01
-8.860414082103430788e-02
4.450638557188050792e-01
3.823572622138862731e-01
3.948412223975781843e-01
2.250569674178979074e-01
4.489074535748405759e-01
3.605805733156345338e-01
-7.118429163201034360e-01
3.372276110147763295e-01
-8.510541655009996598e-01
3.486021746434697643e-01
1.430151192557692907e-01
-7.701109218531720924e-02
-1.244015584917468331e-01
5.109233255529453954e-01
4.926654717348318835e-01
4.530618749931348277e-01
4.247346775076570879e-01
4.416973765118200057e-01
-2.719709405970305305e-01
-1.808926979478379327e+00
4.111793009746902428e-01
3.812112338050868132e-01
-5.257371130676230520e-01
5.095655186003791304e-01
-1.509932425355453800e+00
5.054855467850581929e-01
-7.303865239886148109e-02
-1.191702079681699333e-01
1.578540037401543195e-01
4.486687293778777730e-01
4.382134239650372076e-01
-1.405836913745758476e+00
-5.527366465374085047e-01
4.932421631316666333e-01
5.113163797623411222e-01
4.750702813121558954e-01
5.225635366225070966e-01
-1.462969793821042586e-01
5.111689328840093305e-01
-8.035063898131540316e-01
4.658588615220089491e-01
-1.263862531655315924e-01
5.224999047058749291e-01
5.338955833018100838e-01
5.372624671999243207e-01
4.447388486965278553e-01
-5.209007679887279751e-01
4.863669354602652706e-01
-2.049247598892331712e-01
-1.777416959214905390e+00
-1.732517241836194932e+00
5.317214781141879065e-01
-1.249769159154535958e-01
4.193507938709383209e-01
5.023224482012035308e-01
-1.168174987584016389e+00
5.429019700353227007e-01
4.918309193536019586e-01
-7.138282347401380123e-01
-4.663402509478962177e-01
-9.741194776503425690e-01
-1.420150956337298265e+00
5.095462733870460559e-01
5.210918519190028686e-01
4.773468699999069420e-01
4.958908359199588611e-01
-7.968066926169415920e-01
2.533988282384393442e-01
4.689965438923142660e-01
5.222233724639897545e-01
5.230511437143601228e-01
4.726384157672769426e-01
5.207587092735335155e-01
3.655172922979325612e-01
5.033922143664422144e-01
4.577097581818168615e-01
4.845168729926221940e-01
4.708167877631966314e-01
-3.563701896853104234e-01
-6.979858854832372561e-01
1.525202271940665211e-01
4.636260573575810562e-01
4.031710303626344083e-01
1.961682723081062119e-01
4.921428231026448996e-01
5.218904847174229422e-01
3.309612678778657280e-01
-2.155262528745935380e-01
5.074634190000030243e-01
5.099213075818348484e-01
-1.073458509426256535e+00
4.957178404854682974e-01
-9.989237176651828420e-01
-1.112522479108750684e+00
4.788269532401018269e-01
3.170072874068776136e-01
4.284212892465630307e-01
-8.927329069636869008e-02
4.170666999657078877e-01
-9.750562526033573763e-02
5.005280230921196338e-01
5.092075950282312080e-01
2.814193723427571014e-01
5.171666191340138496e-01
3.806304306746493560e-01
3.820441142210654339e-01
4.689965368295447301e-01
-2.727890549561788891e-01
4.819532754535374441e-01
3.768959267279792247e-01
-1.485483066064019197e-01
3.676740964920283128e-01
4.344609513483284613e-01
4.951323535645182905e-01
-7.004759965907150221e-01
3.758223532559070157e-01
3.170072747829504323e-01
4.406561465767987879e-02
-1.424199075100232303e-01
5.154466275364266714e-01
-8.151496071511232788e-02
4.849802915474215048e-01
3.726230735901569502e-01
3.685269348197593442e-01
5.170185391557736709e-01
4.871152182630318905e-01
4.784034465433053551e-01
3.083362734228873858e-01
3.372276145532180913e-01
4.813391537111827989e-01
5.217028486526336106e-01
-8.024531645974508631e-01
4.473443744440687708e-01
-1.026667068537457372e-01
-8.339403243107242070e-02
-2.296246328114033564e-01
-1.764806304616530985e+00
-1.245671169729711536e-01
5.074634130950149702e-01
-2.367091155027380101e+00
4.413950586854626934e-01
4.236813699434500702e-01
4.753396020765486285e-01
5.024746268006886618e-01
4.997552195558391808e-01
-7.828777898536034563e-01
4.952599188108942063e-01
4.519577658821842814e-01
4.939084966013655986e-01
-5.125458616867940576e-01
5.182763698341305014e-01
-1.789642449191007234e+00
-4.143279118497689595e+00
5.286040348975595826e-01
-1.770843463000014162e-01
-1.267327914405312894e-01
-5.697166660414156869e-01
-7.298101782101852342e-01
-2.623001023741369786e-01
4.900865749491211121e-01
4.957634539456642897e-01
-9.166937662113544549e-02
3.222493242120604839e-01
-1.682267921876010597e-01
5.076241403505643568e-01
5.157108755267743039e-01
4.856574594529909361e-01
-2.956432900014631215e+00
4.372397180917502735e-01
4.969424067509059517e-01
5.182358218450591192e-01
4.419524835585157962e-01
5.157260334642121968e-01
1.705080480039525836e-01
2.246902777768124970e-01
5.039408583586787449e-01
-1.831684114186947765e+00
-9.097495101416078200e-02
-2.345181007476266899e+00
4.467744291402918622e-01
-1.219066649500063937e+00
-6.152342430950036301e-01
-2.006375115700457790e-01
-9.440698053612013307e-01
-1.240397147009672407e+00
5.025288445970370610e-01
5.035163575948304882e-01
5.090194189913492817e-01
5.050688515433748860e-01
2.494793473321337829e-01
4.046184145013814182e-01
-6.831964290842399423e-01
4.523943759283956534e-01
-1.349627983639009710e+00
5.038033932565040285e-01
4.863740293428661099e-01
4.878173364692393044e-01
4.910472682544300138e-01
4.510916034828113541e-01
-1.734568488181747359e+00
5.327427091272572968e-01
-1.727210689978709857e+00
1.268828368930102757e+00
-1.460725154585789332e+00
-1.740042466800340470e+00
-1.003798958333145697e+00
5.150514096340502723e-01
-1.544839708380998655e-01
-1.954593634761035759e+00
5.446212661484333140e-01
-2.771121065367863068e+00
5.898424916459081846e-01
-3.819477915073247853e+00
-3.466928511986499206e+00
5.501668827938362982e-01
-1.656667492820635301e+00
5.406268563187283105e-01
-3.740553472278557723e-01
-2.060458847635771917e+00
-1.023485554457040481e+00
4.912334963312982028e-01
5.778135946910067933e-01
-2.218528258064831782e+00
4.871992862830731852e-01
5.509506161173678418e-01
-1.084102068955844211e-01
-3.471335555541864987e-02
2.562746998655048847e-01
-1.588993036226639122e+00
-3.902560612986031297e-01
-1.000997134925419585e-01
-1.431837056731016800e-01
-2.405120389856369723e-01
-4.253996145650438231e-03
-1.495296788154029666e-01
-4.204628245651959723e-02
5.040335777749362922e-01
5.090930798818849023e-01
4.366992633232589793e-01
5.510719673316401002e-01
4.702920274159188008e-01
-4.949370706245532769e-01
-6.385697379265554974e-02
5.523364142560054368e-01
4.338429415618959561e-01
5.646956092171033781e-01
5.448044083855122510e-01
5.392011007911865494e-01
-1.702939806335356313e-02
5.699184771342982181e-01
4.733739123863310305e-01
4.987080297441475185e-01
4.390298811626041076e-01
-3.065433472214781907e-02
5.566886093570259098e-01
-6.280596001588051314e-02
4.497704272580830831e-01
5.354664972012846968e-01
2.026942554061884061e-01
5.069042080978777287e-01
-1.146205177081583426e-01
5.643529062072275559e-01
-5.023167257289230109e-02
4.904671171672519425e-01
5.397592839084951466e-01
5.684855011074434472e-01
3.906613248427905360e-01
4.737947746166999985e-01
5.558878427127569299e-01
-3.044627893527952489e-01
-6.068308715595241987e-01
4.542769095829630177e-01
-9.248814105946256969e-01
5.090036116128678900e-01
3.955046502065155956e-01
4.859813054776552788e-01
5.244749324517060662e-01
5.234891055577499674e-01
5.506418575398602799e-01
4.951972059735714193e-01
5.714661945724289760e-01
5.294364758312288810e-01
5.575672188511617833e-01
5.231506208546882197e-01
4.559886103854108863e-01
4.913900721285060502e-01
5.577305354756419975e-01
-2.735228896161226997e-01
4.974054947205513999e-01
2.549793972540899678e-01
5.374871790717417053e-01
-6.324230885794481782e-01
5.776956953622138791e-01
5.470582325928495804e-01
-1.346800237599417305e-01
-9.049791829262388010e-01
-5.201872388994722707e-01
-6.466892410019469128e-01
5.403344292793162973e-01
5.388115450719715982e-01
-9.227229698437647287e-02
-1.135845832451537613e-01
4.470470516344771661e-01
4.092378780139827588e-01
4.925539276604508077e-01
-1.654919958431621874e+00
5.282819593335236208e-01
5.075767821410279712e-01
-5.325620504217325885e-02
4.795146904891766093e-01
-1.112448315118226283e+00
5.546573833698261735e-01
5.591229547050623472e-01
-1.717979594650462793e+00
-3.340404919389650673e-01
5.618665393746533621e-01
4.801885039661913934e-01
-1.843557755598159043e+00
-5.493515160224015509e-02
5.457957159678422654e-01
4.170091410863899783e-01
-7.763437515760912566e-02
-1.021241703925887867e+00
-4.850039261635107068e-02
3.223945918040903025e-01
5.257574906221197386e-01
-1.660747128172428866e+00
2.454739323470949974e-01
3.600775281526725768e-01
-5.955268068605390486e-01
5.303037036233400059e-01
-1.931753717013991567e+00
-6.977087419387911771e-01
4.868699213972394468e-01
4.587923188486603410e-01
5.013832401583425691e-01
4.310953095089840037e-01
-2.373671598631650337e-01
4.220547601797990378e-01
-6.636773914301168087e-02
5.009935221163021035e-01
-5.883115686498344155e-02
5.582717825740360906e-01
4.807749309077277711e-01
5.512806064245303617e-01
4.434785746764187131e-01
-5.832591068166410597e-01
-2.536268199380902755e-01
-1.103797696559510461e-01
5.244749337383118881e-01
5.599854317989397812e-01
-6.195018931148129626e-01
-9.403549002351083153e-02
5.523471665276513676e-01
4.723515356814759203e-01
5.272472694434687801e-01
-2.511675015126244581e-01
-2.812546789973807138e-01
4.707056170773576409e-01
4.649262125495197684e-01
5.157003429041709941e-01
5.121970728314895194e-01
-7.524353589771379802e-01
-6.542138730760710397e-01
4.983589841059712366e-01
4.599167203384292857e-01
5.334845737357225559e-01
-3.788869898832308847e-02
-4.237067464239874792e-01
5.306884057358990381e-01
-2.334485724099250259e+00
-6.102283244910628596e-02
4.654970026489734791e-01
-3.114542689387713240e-02
-1.183520913996065183e+00
5.684855024639355880e-01
5.101998841840105214e-01
-2.892275839525840775e-01
5.408521151061195242e-01
4.958521300360616002e-01
2.985750577146534246e-01
2.312374066686859742e-01
-1.834450683150390393e-02
5.160145061877309258e-01
4.541218802977702862e-01
5.089315357345467472e-01
4.716989070972869014e-01
5.460917714194873929e-01
5.479794727930999976e-01
3.521607185373638038e-01
5.419098270388361671e-01
5.655859637391027483e-01
5.518935742017941903e-01
-9.960644119270505303e-01
-8.306155623178708147e-01
5.341353315237075128e-01
5.402076962237347679e-01
4.738032080338422380e-01
-3.149929841041572143e-01
5.508545230265486925e-01
3.037365429453360299e-01
5.317496997809247894e-01
4.619329901872636368e-01
5.033360569457708822e-01
1.191783746621753320e-01
5.124301232732134670e-01
-1.241984750783567737e+00
-2.101308360458340019e+00
5.628535420794654742e-01
4.378083556690102740e-01
5.599399018648375526e-01
3.353626808391676484e-01
5.536894982347191352e-01
4.763913297063095964e-01
5.204894261584588344e-01
-1.427374330358501808e-01
-5.502434537499700795e-01
4.685176080797304743e-01
-2.787456603785511411e-01
5.667549081246905374e-01
5.351843488368216439e-01
5.080953192887157632e-01
3.295090834991311057e-01
-3.299265380230920197e-01
4.372535092801712042e-01
4.939197038296161413e-01
4.895197686330302611e-01
4.326609900870408976e-01
-3.721616554485547568e-02
5.362943440417525798e-01
-1.800715987157452735e+00
-4.441045068959094344e+00
5.349610391423054168e-01
-3.535785313042734690e-01
-8.330179797703403111e-01
5.598428179357846091e-01
-8.554841768479186648e-01
2.339905639376918534e-01
2.671282774686218331e-01
4.945835004205577090e-01
-1.427440947114339664e+00
5.610114886419810265e-01
-9.454198112173846369e-02
-1.946889672093128076e-01
4.908369079791890521e-01
-4.071510227631902623e+00
-1.264636526482048884e-01
5.537536076618053693e-01
5.354233140954490766e-01
5.551726992967678243e-01
5.371774137988994946e-01
4.894001609839813693e-01
5.385412611451149134e-01
4.479959303282947669e-01
-1.316601922908154088e-01
5.593136748368365829e-01
-9.871120448620833709e-01
4.166975620772462863e-01
5.540286060244553612e-01
4.764243328383789278e-01
-1.847576622170409966e+00
-1.037139180718051196e-01
3.295090877956380893e-01
-1.069447902837361797e+00
-1.305525088076598061e+00
5.575378283604552898e-01
5.565110119941940603e-01
5.090036027277159425e-01
5.298536844414328817e-01
-1.523832483307146823e+00
5.120776389328449696e-01
5.302270644033503233e-01
3.986822834335121413e-01
1.654033585308159748e-01
5.150514020171341745e-01
4.170792335531849915e-01
-2.475745528327355949e+00
5.029293568061437014e-01
4.265773319771352101e-01
4.689060957291716902e-01
4.203301671834540620e-01
5.693335532149272904e-01
-2.879656647284649207e+00
-4.582692415954758847e-02
1.306352002752491082e+00
