9.990574970552577039e-01
-4.212021028843075943e-01
1.005625544918062886e+00
-6.642932356344561917e-01
-3.196848423515388227e+00
8.104528315133244787e-01
-1.635298507155621861e+00
-2.892095001210752692e+00
-1.017691470138266663e-01
1.115669694582746230e+00
1.145565776850101747e+00
-2.688502928226777833e+00
-1.422280182556992623e+00
8.104528330869364972e-01
1.551802870260474920e+00
-1.128244114718310431e+00
1.050077050802989520e+00
1.111497420488456900e+00
-1.850629445078598279e+00
-6.103776483754915771e-01
-2.171790567230846847e+00
-7.525480014447584187e-01
1.049585773639834185e+00
1.016973213862612413e+00
1.077232045269016947e+00
1.028487497842038856e+00
8.104528267011081866e-01
1.202399331218148237e+00
1.039154625227411755e+00
8.104528382550105770e-01
1.101234569831793797e+00
1.188139995502655255e+00
-1.621784825942745423e+00
-6.675833561606913102e-01
3.215555759163523097e-01
-2.311982939169189913e-02
-3.870382268617530430e-01
-1.275090545963346367e+00
1.039918182664351987e+00
1.035606709371424294e+00
6.593716405888954135e-01
-5.940233245566612919e-01
3.690419046949953708e-01
4.248887650304554453e-02
-1.782235688388053907e+00
1.255528941954085376e+00
4.443303944471338474e-01
-1.500016164073634251e+00
-2.042292243719036511e-03
8.314606385253057175e-01
1.076239336682795145e+00
-3.606594917294879132e-01
7.685648299826188801e-01
2.929371251207889548e-01
-1.987976086020296851e+00
1.551802865163823153e+00
1.255528943221429161e+00
1.122769346899041176e+00
1.202399332925545350e+00
1.086625841113117552e+00
1.065928812818376814e+00
8.542302954131789638e-01
1.289384398600394110e+00
8.104528222072281407e-01
1.101234574717538273e+00
4.403962742440297173e-01
9.060281533318533809e-01
1.041410385910501279e+00
8.104528373587428502e-01
-1.749765043805237008e+00
2.559487613408908957e-01
1.016973214763892575e+00
-3.878127505661982388e-01
-2.856840113416299509e+00
6.258561411024625709e-01
1.147696244160156587e+00
4.403962784238780181e-01
-3.152767481372642511e+00
-2.309848787877770704e+00
-8.438744209125979834e-02
-1.959684648353378966e+00
-7.053899211599681252e-01
1.082702844234257888e+00
1.551802869468655199e+00
-6.676281266854992014e-01
8.104528329417901578e-01
-3.972994722103658560e+00
-6.233004147919372073e-01
-1.963500270193242470e+00
1.001944543877886451e+00
4.030032979296994111e-01
1.202399329976050923e+00
-1.064049279529833525e+00
2.699626857244642464e-01
1.391658847170562208e+00
1.100953790571650437e+00
8.104528288901911015e-01
-5.414993087028663332e-01
1.082102753984731436e+00
-8.764314559326696896e-02
-1.248014335927037699e+00
1.766430447367628997e-01
-7.469844689274073302e-01
1.121832781206153706e+00
4.403962757705043862e-01
8.104528318368712236e-01
1.741198428352613015e-01
-3.818000012822505007e-01
-2.731143799720253326e-02
-4.307740036816397056e-01
8.104528317872591314e-01
-2.829346328347370321e+00
1.140428118368835397e+00
3.602103895257297017e-01
1.039154624306665609e+00
7.447750762842701988e-01
6.817222399441785763e-01
1.142786364663995302e+00
8.104528264622161693e-01
-9.685488595786737043e-02
1.121832785121842369e+00
-5.605489163657996210e-01
7.210865613778271177e-01
-1.709420105311499460e+00
1.121832788307772999e+00
1.377048723291611099e+00
1.066772748774538426e+00
4.143221517710430346e-01
-5.035159253070838226e+00
1.060569805327238990e+00
1.093832058365211024e+00
-1.853489872685965656e+00
8.104528286674217430e-01
1.290287303754071635e+00
4.403962721726745189e-01
8.104528330867660779e-01
2.641979765467573626e-01
8.104528312143153279e-01
1.255528941896996153e+00
8.202038734862957536e-01
1.129638026227668401e+00
1.166477505435608686e+00
-2.346633709640600696e+00
-4.544204342096003657e+00
-3.428621919516929850e+00
-1.488183980246976956e+00
-5.777170689007181670e-01
-3.281121614927407393e+00
3.239175324616885288e-01
2.073805711960667042e-01
-1.707478058445703217e+00
9.822789116432516510e-01
-6.837480107094232595e-01
1.202399329036478282e+00
1.101452624044272133e+00
8.104528332006251112e-01
5.088897483553548318e-01
1.121832788273798620e+00
1.069188229050505923e+00
1.057673651130329073e+00
-3.991047003690239681e+00
8.901325945651037408e-01
-1.465971584370353353e+00
1.344861697763244379e-01
-6.840534184803008788e-01
8.104528300205807723e-01
-2.277604885551506086e+00
-1.273066072133444360e+00
8.653576069335741083e-01
9.094285054806336421e-02
2.370342848453795004e-01
-1.450908088752577818e+00
3.288571000574405656e-01
1.064391871134433565e+00
2.347665920166481512e-01
1.202399327285383235e+00
1.255528935081053232e+00
-2.865081179191903527e+00
1.255528943697051369e+00
1.076239331351339867e+00
-5.275694192662615301e+00
9.718220162619978231e-01
2.298868855125949295e+00
1.881999055254966469e-01
-1.017788591717091462e+00
-8.482569311620891117e-01
3.290801963709636402e-01
-3.287188372357708888e-01
-2.979466744403299616e-01
-1.039728507121802981e+00
-1.031366234541064797e+00
-3.799239729400240684e+00
-4.135235597416340725e-01
8.627749279697544127e-01
-4.827556686651214513e+00
4.872206465031730938e-01
-2.794063658383625359e+00
5.669957141034860371e-01
-1.670684602529005081e-01
5.889768056868028845e-01
-1.617068293409034796e+00
-1.533902774658120860e+00
7.795970259092449561e-01
4.204570265188091183e-01
-2.281590805575243852e+00
4.364888342803693311e-01
-1.079012316771812863e+00
-1.607739954794715098e+00
-1.979844956182853943e+00
4.756089563416499022e-01
5.690284306495525524e-01
4.864747601402897303e-01
-1.180006975766003441e+00
4.929604793253441475e-01
5.325105247066427294e-01
5.775069161686902097e-01
-3.322216821334896264e-01
-3.735995501737305324e-01
4.824216523936221690e-01
5.343170441347495636e-01
-4.986983882055537887e-01
7.603758287485867795e-01
-4.473808566526928376e-01
4.874208437236048352e-01
5.053633387913235575e-01
4.568872926440666893e-01
5.173258398102296152e-01
4.601127305373444720e-01
4.966836021252234445e-01
5.212256063545391838e-01
5.449896951344158635e-01
5.665746644811617827e-01
6.374090320850017699e-01
4.761159733637940761e-01
4.739507119503227339e-01
4.102968394883074188e-01
4.915763590588955734e-01
4.911890914927242724e-01
4.177934503783041764e-01
6.839318583519957695e-01
7.603758272498345461e-01
4.909322357572125650e-01
1.639630004227468352e-01
6.233386366696738179e-01
1.143730407875048982e+00
-1.991695674352188528e-01
4.727873065675183839e-01
4.636753365099232638e-01
4.299102131180899677e-01
5.410626028433536128e-01
4.636753367744855248e-01
6.470299188797720702e-02
-2.739318663434973100e-01
5.289917954515871434e-01
5.518470299337339124e-01
8.895389565684659328e-01
-1.010479487022471812e+00
-6.363066228477266550e-01
5.671091848819906911e-01
-1.389547291076029256e-01
5.040531134290682225e-01
5.093216736972266956e-01
4.523847930133226281e-01
4.796868168587097303e-01
4.876011436539031685e-01
4.875441441960113309e-01
5.895938105482193548e-01
4.806352301195291887e-01
6.734663576073118829e-01
-1.938200310697292483e+00
4.075359983135943831e-01
-8.506707739446205396e-01
5.276932792317993171e-01
1.013963470968455738e+00
-3.170510625026478624e-01
-7.362360332637960525e-01
8.110045454798263664e-01
4.624010120109559030e-01
7.617267285336878913e-02
-7.544304770792448211e-01
-1.607136687241154327e+00
-1.576656376706599083e+00
-2.899146635206545364e-01
4.611316207201274220e-01
4.642917995808700793e-01
4.419674795722925431e-01
5.795537170753636280e-01
-4.538674687938072938e-01
3.290801955872174611e-01
4.943285577123261443e-01
4.505324693029635896e-01
5.173258425309635866e-01
4.186684237330638991e-01
-9.323043467192702050e-01
-1.929554059034800595e+00
4.609527810929609504e-01
8.078398364216388128e-01
4.197805832968279360e-01
4.943285578634775690e-01
5.799668924414704829e-01
4.902301732973708970e-01
4.748583397675032458e-01
-2.866080625240600366e+00
-4.244829426478152201e-01
5.173258420545108205e-01
5.249548441237543717e-01
4.192040420455832028e-01
5.173258436411822814e-01
5.729754557821896688e-01
2.364743200794535427e-01
5.040531119965206974e-01
-5.433663805487314313e-01
2.438106234482031176e-01
-1.972858822482560281e+00
-3.015088045281978935e-01
4.758718720328125595e-01
-2.122653292521571533e+00
-4.425767830857435525e-01
5.434887332607714061e-01
6.233386345270987006e-01
7.603758301686732723e-01
4.612973818915676594e-01
8.895389561934906597e-01
-9.946248568059965489e-01
1.522688440777253405e-01
6.374090329530366361e-01
1.639629933385343408e-01
-9.939205228925716007e-01
-2.703394117908876737e+00
4.855024226371114637e-01
-1.903477106775470107e+00
-9.831077509168665296e-01
5.200785826946278112e-01
5.889768036126625805e-01
1.064817454827596377e+00
5.632385184106498688e-01
4.771378241117665842e-01
3.290801965329469003e-01
4.673560816498205095e-01
5.847233826008456647e-01
-5.938888884968021031e-01
7.603758330057655002e-01
5.303978550378739554e-01
4.393848131556789549e-01
5.021920769159683440e-01
2.784116916259224972e-01
5.132273504602417047e-01
4.383079469112801663e-01
4.931560722927340601e-01
-3.639209479323108010e+00
4.874208448052863574e-01
-4.790406867141801528e-01
-1.254198090706336810e+00
5.335808920726653470e-01
5.332090107086014941e-01
-4.357075758176233160e-01
4.874208475173383848e-01
4.848192253327306966e-01
4.986820144036402946e-01
4.528877000765000327e-01
2.834697067702304230e-01
6.816981522362566270e-01
6.233386343271637431e-01
1.042588296438655415e-01
-5.109615237990728920e-01
6.776701278799686090e-01
3.967117142072999481e-01
4.433586442268624972e-02
4.864791577399199540e-01
7.945166207308052009e-01
4.989809041127976630e-01
-1.521908063134743139e-01
5.593817074025836389e-01
4.302638108087176172e-01
-3.391317854022741218e-01
4.204570291271551019e-01
4.683508256588799212e-01
4.894581812427912237e-01
5.489763438198222989e-01
4.386563981100228826e-01
2.784116873448981289e-01
-4.579382190702722677e-01
5.105543979190780846e-01
5.644895728550890501e-01
5.644895743455604631e-01
5.404820966598390397e-01
8.201207743065609401e-01
-3.951050471822863397e-01
5.329209456675422230e-01
-4.395549616753988142e-01
3.290801932827208676e-01
-2.645715292585355538e+00
3.284534076863938612e-01
3.571916590354783788e-02
5.898345121271812985e-01
4.640248137429982545e-01
7.603758284513730814e-01
4.737881509933821178e-01
-1.439947563811792147e-02
2.772271281113622421e-01
5.251509544305442700e-01
4.203920706258464368e-01
5.406717122112710827e-01
-7.301309389216211754e-01
-3.308723407310019682e-01
-3.385417763368908650e-01
-3.313867386227998812e-01
4.695330547804014709e-01
4.770611652356236965e-01
-2.314900871142529404e+00
-5.833488455649443516e+00
2.225087214108900646e-01
-4.238048117962794348e-01
4.181570615848853034e-01
5.040531151739774396e-01
-6.764188583621084661e-01
4.739507129580678990e-01
4.804309560144603419e-01
6.233386392884860960e-01
4.467427475136900861e-01
4.124769392622643638e-01
3.867393421506091777e-01
-3.925316563795487657e+00
5.356296235099961001e-01
-1.698443746528127962e-01
5.191646703984538203e-01
1.143730409275851345e+00
6.233386364507741417e-01
8.761166478861612816e-01
8.762753728374941264e-01
4.963142454617310295e-01
8.001572750991056138e-01
-2.057120994678663717e+00
-6.016282619990489522e-01
-4.680051646263325704e-01
7.693015225599501850e-02
4.983909446834604018e-01
5.088196787652163877e-01
3.967117120526230112e-01
-5.401143854983566639e-01
-2.294805543613270604e+00
2.750088963103209938e-01
4.874208410883009712e-01
-4.485310113018962652e-01
5.750254188842373049e-01
5.683240070119155440e-01
-1.263929343735868516e+00
-1.145016274560024305e+00
4.393848114706150332e-01
4.607079970760524223e-01
5.171250198893073691e-01
5.052773630161069285e-01
-1.316473871703149223e+00
-1.928910799979071333e+00
4.984668496139389449e-01
1.821579551946981512e+00
5.042674324064140290e-01
5.307941567516900605e-01
-2.811043262175173751e+00
5.099953442435352091e-01
-1.872435751258127778e+00
6.271830604732675507e-01
-1.080833843580774944e+00
5.097620040827666177e-01
-6.050636619133469701e-02
-3.715120739806308414e+00
4.449493172117692241e-01
4.703053880648485618e-01
-7.386871265291238942e+00
-3.877415368502073356e+00
-9.096756627858271216e-01
-1.082452853565326389e+00
4.795967571731493684e-01
4.877470209082032104e-01
-9.540104213446483072e-01
-1.385897183052154480e+00
-1.576752752078149911e+00
5.634198339591911520e-01
4.571924041501844727e-01
-2.809116488598179640e+00
3.167650021365479573e-01
5.761749276947379927e-01
-3.516302520454240854e-01
4.675954838115812251e-01
-9.472853812983138555e-01
-1.577460459039974783e+00
5.271186589872705053e-01
4.850300638552590415e-01
1.396346886483618155e-01
5.484623353927917666e-01
4.548214487558148722e-01
3.630902608380272012e-01
6.135284298695659055e-01
5.880294943477483161e-01
6.793580566320720493e-01
-3.213621118128434651e-01
5.288309382242953882e-01
5.815178410398434972e-01
5.516252912043209111e-01
8.410739613860963582e-01
3.107473639761961781e-01
4.768927614912070734e-01
6.251808839422346997e-01
4.805560340930809526e-01
4.906662149517678762e-01
4.284352772745581017e-01
5.111337935246205166e-01
4.662681764780226001e-01
8.763030259239507069e-01
5.051514315489914475e-01
4.949490717716550359e-01
6.383988689383159887e-01
6.738993394996445341e-01
-1.439791228156879654e+00
5.298742621055667623e-01
4.774328993287499934e-01
4.820495115402725350e-01
5.271186570932991922e-01
4.865507276230371381e-01
6.271830679029238853e-01
4.939711238697339635e-01
5.462305328422424333e-01
5.510856467218702148e-01
-5.697014868107582730e-01
3.221183741641210907e-01
5.230074281769540034e-01
-2.735229523262846518e-01
5.506730715364570594e-01
4.906662132896664197e-01
-2.900022707582760595e-01
2.186883017132503215e-01
5.239965164796493990e-01
-5.259934532483421243e-01
5.282534209382532264e-01
4.568958627376468185e-01
2.943821628485228659e-01
-7.939159831180337967e-01
5.578965771636666959e-01
6.147671001781197520e-01
-4.299781333504126835e-01
-9.685161272302724722e-01
4.682485655227330290e-01
4.680883107459661296e-01
4.485432382207494850e-01
4.674083712349572095e-01
6.658301112591892279e-01
-1.793355838063455943e-01
5.139238467876321437e-01
-2.166392028615833354e+00
4.320170240836420650e-01
4.768927623263125581e-01
-2.514352026016762331e-01
6.205372474467001354e-01
4.674083715996577570e-01
-3.188381484720747561e-01
2.235914751377894305e-01
4.601060804828666084e-01
4.893043771492656124e-01
3.452264273439922815e-01
4.893043825871933317e-01
-5.356980826299388987e-01
2.246066041583208439e-01
4.294000264069442463e-01
-1.562959138727310071e+00
-2.935291312968462130e+00
-8.332847777596740224e-01
5.213360505213626706e-01
4.032544706825338388e-01
-1.555974727058482721e+00
2.930565669488481295e-01
6.271830587866518147e-01
4.837699281621527514e-01
4.569281235057993662e-01
5.407193284354515628e-01
6.658301117859823925e-01
-6.912223578592496809e-01
7.124036059180832714e-01
3.596209205540827902e-01
4.211846887532081918e-01
5.112318258927112113e-01
4.654263078467243964e-01
5.707913161476146913e-01
-2.062238953490071580e+00
3.322187868357735496e-01
-7.077037185792106611e-01
-3.040684668734959240e-01
5.265810140471750556e-01
5.673928050825300939e-01
4.820495083571324502e-01
4.415003827991379470e-01
2.387461860600661734e-01
-3.032477043333358102e-01
4.032544703773897066e-01
4.090344569866409818e-01
5.271186611473090977e-01
8.227832468221315532e-01
4.659704587857751434e-01
5.637982496013022038e-01
4.938607538007031561e-01
5.681932300846188610e-01
6.055147350521146166e-01
5.170094331591862380e-01
-3.861226190963762850e+00
-2.848146450220466197e-01
-1.454535253004578532e+00
5.271186599825126162e-01
3.849753303719078423e-01
5.777282128798409966e-01
3.676037078843360506e-01
5.097619998555029674e-01
-1.890883905844682689e+00
4.397328636145398373e-01
-5.630974037389495646e-01
3.909723817785110689e-01
-3.203069030298362208e-01
4.281157157177023498e-01
6.009419059613839709e-01
-4.315009942796037001e-01
5.073693737488698119e-01
-3.104069717962409936e-01
9.043442540351011028e-01
-5.239444557638205380e-01
4.648528519186926333e-01
-2.668194131721788875e-01
4.302014239891798209e-01
-3.067027535372044977e-01
-4.190920386606571402e-01
3.704928685483694917e-01
-6.129371651991704084e-01
2.901766050592857193e-01
5.416518149287243844e-01
5.085024102145844216e-01
4.501776482351325659e-01
-9.338480275558664889e-01
2.673705195765201381e-01
4.743899689614719528e-01
4.828794770334965403e-01
4.438998450975860099e-01
4.568306907148171891e-01
-2.559946711488567672e-01
4.539951062807697224e-01
6.920539510677270467e-01
5.506730688975152166e-01
5.133485622349164279e-01
-3.148795922264098213e-01
6.018315124385094084e-01
3.679936266315302351e-01
2.518624151872240202e-01
4.605339173647398643e-01
4.728258306763229446e-01
3.532850183008911515e-01
-9.710104875803626800e-01
6.271830562425934064e-01
4.969756717857960471e-01
-3.608617497877724123e-01
5.816749898831836685e-01
-4.518721882523989208e+00
-3.269075100858996330e-01
3.393361997402370434e-01
4.147712082724346883e-01
4.881883013676378558e-01
-7.992560625073460434e-01
2.573617145056461553e-01
4.620217869929706955e-01
-7.084712480891086628e-01
5.482485953976271587e-01
-4.497903561940441719e+00
5.097620048801464465e-01
4.777286520374848799e-01
5.506730678449924810e-01
4.284352696962250850e-01
5.125665570461686027e-01
5.075822343049143370e-01
5.211419562218723156e-01
5.147654837781785453e-01
6.271830597075922498e-01
4.964815284749451441e-01
-1.715181226388196478e+00
5.506730644134362196e-01
5.007715300813152526e-01
-1.561982466135408476e+00
5.393377045196691144e-01
-1.268814897920461204e+00
4.969756701344389960e-01
5.072402669485127635e-01
-3.641452776544526482e-01
5.392487734417625855e-01
4.667609496135630698e-01
5.062390371578381343e-01
-1.392169966897136124e+00
7.138631968323057020e-01
6.658301091370002478e-01
6.658301123079676254e-01
-2.468404743941466695e+00
1.752964966287822390e+00
