-7.771266975556542778e-02
8.883800874095658662e-01
1.109031351381867037e+00
8.499176895933778786e-01
5.648295884128929911e-01
-1.185596408963771387e+00
8.883800946026746415e-01
-7.179447973938806626e+00
3.189415712469792497e-01
5.674328013247837040e-03
4.775891461585266007e-01
-1.539109279870504610e+00
8.883800866578673849e-01
8.640874133695384263e-01
-4.109976502071392090e+00
1.105399136556241890e+00
5.738067047667416709e-01
-4.656712711098958124e-01
-1.574537554369477066e+00
-3.718533904161327452e-01
9.131336288162598125e-01
1.087838567019838942e+00
8.883800788576262653e-01
9.003807359531216248e-01
-6.190116564802785465e-02
1.091810775776220765e+00
1.072607478783249801e+00
8.883800851834947609e-01
8.883800875346341552e-01
8.883800924523745923e-01
1.092392408880494159e+00
-4.903347437369842132e-01
9.800591982300221883e-01
-8.669676904205670942e-01
-1.521640346656463194e+00
-7.840499544459132997e-01
4.821352212799353554e-01
6.969958258786733696e-01
1.225169255587349015e+00
9.003807429942315421e-01
-1.662678887830261854e+00
9.131336438380673881e-01
-1.606100950143579009e+00
1.106716320986872226e+00
1.099342292044766412e+00
8.883800937602526204e-01
8.883800859265392758e-01
1.075152081622257061e+00
1.190832225437059577e+00
8.883800954117253568e-01
-9.101615375755923998e-02
1.061126607122613530e+00
-2.671352392535998099e+00
-2.441233760747867354e-01
-4.870414016141754177e-01
4.881748300205843716e-01
2.286251736472637852e-01
-1.250570029739697109e+00
-6.697112181105470408e-02
-8.585154168060439295e-01
-4.327833118772710819e+00
4.233797686276161709e-01
6.700189489779010410e-01
3.409999720794779643e-01
9.250937012251286840e-01
-1.753963662075746166e+00
-2.555053985608750633e+00
-1.362760213452024916e+00
-7.520303922325767276e-01
8.606489182745493682e-01
2.820097038888699781e-01
7.068830297581232269e-01
1.044511723557542959e+00
2.012452620158570737e-01
-3.580498465793565122e-01
9.613742538743789146e-01
8.883800823460136220e-01
1.149793062551940359e+00
-8.073014826665207699e-02
9.003807265723866582e-01
-1.485076240243981882e+00
5.589793719924357474e-01
-2.028977364096715252e+00
5.661658581831623405e-01
8.883800849574092773e-01
8.268283393621436161e-01
-1.120250455644782872e-01
8.411186085247049915e-01
-1.873356189856640652e+00
8.883800859097036318e-01
-3.024029870244314466e+00
7.774934981417346291e-01
1.819904926674475565e+00
-2.365611705894510752e+00
2.281533328253723403e-01
-2.343284896393796224e+00
-5.335245429320557564e-01
-4.368882650636396470e-01
9.186330062289778109e-01
-5.436761874182723941e-01
-2.753632251712155199e+00
1.156749711429801319e+00
-3.026026722050735973e+00
-4.180684100855122654e-01
-1.755350982305951657e+00
5.566494749789001606e-01
-1.249019290381079061e+00
-1.231487046792205220e+00
-1.958756346453784936e+00
-4.367701804284713774e-01
1.607319893820993439e-01
-2.196427972837942999e+00
-1.578297851191405032e-01
2.976297164191133993e-01
5.026390438654597670e-01
4.561919835602865070e-01
2.721370141230342599e-01
2.716139012408116393e-01
4.206344239675551266e-01
2.779989279106133138e-01
1.030685914446232143e-01
3.229918158391448801e-01
2.789432921068539795e-01
4.105936579080074478e-01
4.921631034549679984e-01
2.782635623837723671e-01
1.693452851810179072e-01
-1.299405557395917787e+00
-5.483706434357891180e-01
4.670374444948550696e-01
2.807785433332587455e-01
9.186330203104745573e-01
9.186330250761837179e-01
1.248674838794483072e-01
1.261046382274714495e-01
2.353926507582403682e-01
1.192825134175351659e-01
2.142873724028949156e-01
2.765969475780468145e-01
8.775080176879629379e-01
6.482721115534231249e-01
9.186330145023108296e-01
-2.661493181418466136e-01
9.186330191230553943e-01
3.372107705745126527e-01
9.392558503150031379e-01
2.934427245732778022e-01
6.268507812713993710e-01
-3.143990351658074167e-02
2.718535365028547091e-01
3.997200658957719144e-01
4.251229627063062289e-01
5.429584462198904643e-02
2.906721726781467674e-01
4.239105845951161577e-01
1.656779532206067440e-01
2.864960082095842075e-01
9.186330118130587863e-01
-6.008160101026894795e-01
2.759867150633812938e-01
2.536785962127847682e-01
6.663713092207207422e-01
2.358394615464140809e-01
1.581653953955094172e-01
2.804789907664784199e-01
2.537539290852631746e-01
1.910298945675610871e-01
2.879558672576704170e-01
4.054669773371696873e-01
3.388262600104186562e-01
2.613733667039853104e-01
3.572925558127238999e-01
3.965838829903008955e-01
4.160412699475085629e-01
4.670374290066677259e-01
3.997200628202218220e-01
2.873981281097592877e-01
3.075416034014196165e-01
-1.082255250262545015e-01
-9.330123843442614251e-02
3.182019055954483644e-01
-8.540884171415982218e-01
4.217582770905513589e-01
-1.153501304590214716e+00
2.343868780416622777e-01
3.620573507093941545e-01
-2.239189191293970982e+00
2.422587637230927404e-01
-1.675460347683709772e+00
3.292882335348225054e-01
4.392691383075050249e-01
-9.619932983019374717e-01
2.321398844483723856e-01
2.578401997705650484e-01
9.186330188962997800e-01
-4.030849590590475651e-01
9.186330266178915904e-01
-8.120811284720452772e-02
-4.243561149743227401e-01
-2.140760302861657749e+00
-7.775818341944160661e-01
1.173122274420614203e-01
2.891150179451726920e-01
-4.444399402114554976e-01
3.234004951183698240e-01
9.186330247370142477e-01
4.424299686159572365e-01
1.979624903110037415e-01
2.677487231248138477e-01
-3.266499144759298923e-01
-1.149444121473266689e+00
4.601449257367462575e-01
-3.269724921975813436e-01
-2.662390759272065255e-01
2.295348006779693029e-01
-5.815388702970217816e-01
5.026390349507736666e-01
2.394548348739031773e-01
3.286881943728636180e-01
3.251566357731119905e-01
2.695473419627139045e-01
5.141547180746366408e-01
4.665240909575503747e-01
4.473376848142071593e-01
4.917502130231140023e-01
-5.359520932028101203e-01
2.103370886206431534e-01
4.549835818262767395e-01
2.637898237799656265e-01
-3.467457799222991799e+00
1.399541478173190190e-01
2.663669561001764663e-01
4.533353718963579193e-01
3.785027170902838800e-01
3.900874318625894843e-01
2.757366052624561359e-01
-1.530030742527695442e-01
2.947236250107703737e-01
5.539967618102651370e-01
-9.318175691486609014e-02
3.670654363836626244e-01
4.038377898143230005e-01
3.553717374473929214e-01
4.466096329473320248e-01
3.212950964569384338e-01
-5.615692818944603010e-02
-5.719588734859386986e-02
8.315812190170983609e-01
-6.893445798727797502e-01
1.434130453844204844e-01
2.393892438626689934e-01
3.742737992969853433e-01
-1.447054373792859040e-02
-7.138031473750273970e-02
2.876064910453961510e-01
1.744902867000996949e-01
2.260301940732396819e-01
5.568225842716297835e-01
2.463839305175779537e-01
-1.268122059180597949e+00
2.282368212952677333e-01
9.186330145095309430e-01
2.244679643525367974e-01
4.412980248561469976e-01
4.600099014269445896e-01
2.209835930887802391e-01
4.412980563444617865e-01
-3.192592428020745166e-01
3.798773865102687552e-01
5.299603935938652644e-01
2.164155278611774036e-01
-1.175856231519232242e+00
-3.421258536096236202e+00
-4.058222400983095904e-03
5.632638800861864414e-01
2.970723449760008239e-01
-1.165296181222629013e+00
2.251819017624854813e-01
3.879113349355444718e-01
6.572097124934073165e-01
2.121019446959822585e-01
-4.146440526738339294e+00
2.036541012826707797e-01
9.186330249455821884e-01
3.915527978821916055e-01
3.261435282327967422e-01
1.672880124886036712e-01
-7.968481408771582730e-02
-7.620206900608587075e-01
3.294423503357054583e-01
1.808762020536956727e-01
-7.219462100588477371e-01
-4.825699165291083559e-01
9.186330150780318560e-01
2.287563009584385743e-01
-1.678275293983682248e+00
-8.985572493201663402e-01
2.043583859201870134e-01
3.824946673117444740e-01
2.114575834843815394e-01
9.186330200805370438e-01
3.147254993061710526e-01
5.970186180015318866e-01
4.408059060721992717e-01
-1.309751725375261522e+00
1.137954843713047337e+00
-7.642168273309886128e-01
-8.499787727896792600e-01
-4.291125374145355886e-01
2.290788912398144805e-01
2.424966135059402894e-01
3.589421167742211649e-01
-4.157670499887710647e-01
-3.300763340946669899e+00
6.020571768051447004e-01
-2.015275323028832499e+00
-1.024234879982178992e+00
-9.685688432080485910e-01
1.231574618728880077e-01
2.227332284144245833e-01
-1.913377562961265266e+00
2.274308622930436563e-01
2.030931936014069294e-01
-2.069400319551650380e+00
2.626573438674139616e-01
-4.191766617186512001e-01
-9.699270786322208293e-01
-1.039810388451776896e-01
1.364646180942266362e-01
-8.685189664638662821e-01
2.313270312320229172e-01
3.314467936451265251e-01
3.201609614285291228e-01
2.173229681369356903e-01
1.844760181670725974e-01
2.783265089081060628e-01
2.062914851901091196e-01
3.369158796740067130e-01
2.342472417662191941e-01
2.187988484779300746e-01
7.584204662473567095e-03
3.309122231291420912e-01
2.800553033167690331e-01
2.393444667968589179e-01
1.867205361863227275e-01
2.173463404755433259e-01
5.026023361468001660e-01
2.073038602120206852e-01
1.795461379404487967e-01
2.119895365492102945e-01
3.873683951779415269e-01
1.751483861166025224e-01
3.352817893951134942e-01
-3.490615095173548177e-01
2.216898361203475665e-01
6.908100442595962454e-01
1.826113946253173081e-01
-3.283509936976956034e-01
1.527136084610444533e-01
7.917839372303907275e-02
2.323539361516437640e-01
6.782458999689714441e-01
7.958055603372762299e-01
-4.816798599836717432e-01
2.187354118712265261e-01
-1.199594175809745256e+00
3.799843998155695846e-01
2.513197119572313509e-01
-8.474296385711391211e-02
1.828203550719944004e-01
2.840729880511859706e-01
3.314855415998413934e-01
1.742761400171030928e-01
6.092527601472527699e-02
3.530153758851124479e-01
-3.083560440872649133e-01
-9.115265284859484785e-02
5.342127706014032640e-01
3.598426287287879166e-01
2.129173694551827756e-01
1.917304006355516066e-01
5.026023292298429368e-01
3.543500053660463278e-01
3.099783658837306777e-01
-1.350310726982689502e+00
4.365793236147790246e-01
-9.566998278472695905e-01
1.967503584992479626e-01
6.196016210757603337e-01
-7.277188477343425610e-02
3.463897946227700309e-01
2.390255337973730965e-01
2.360126503310849000e-01
-2.197556601745908056e-01
-1.059642469393250241e+00
-2.286571673390593307e-01
-3.971627233914765687e-01
-1.352705853427212279e+00
5.615532737374938355e-02
2.505143866042703893e-01
3.471554815456127652e-01
4.551189224676401301e-01
4.368088787919915950e-01
2.063747229858885202e-01
3.191454199882319820e-01
-2.545893038965520994e-01
2.354675354353912287e-01
2.035958609725375124e-01
1.615223992247987461e-01
2.303953802859469713e-01
4.604870581437559007e-01
2.012974209389136182e-01
1.773937865810554793e-01
2.657510414102943752e-01
2.881632233600251447e-01
3.799844059776557037e-01
2.372695529474047049e-01
2.137623817302151397e-01
-8.848417262773314307e-02
3.334647908786817494e-01
2.566906791287004719e-01
3.711031984419967955e-01
2.150965051808824691e-01
3.444410067940792408e-01
-3.262135341457615412e-01
-4.571173801370243539e-01
-8.798032060679721322e-01
9.975391742301895071e-02
-1.925923021364657206e+00
7.275215291779012217e-02
1.313850302177262952e-01
1.630799956566926778e-01
1.530711014597375130e-01
5.543564173190462796e-01
2.057705286302884129e-01
2.601079208150375299e-01
2.800553072675865951e-01
2.071373263303544765e-01
2.252055699383567478e-01
3.158208950903508283e-01
4.207946832202424381e-01
3.633171497083628187e-01
2.197786729633615654e-01
1.156732183162495070e-01
2.625199259446726607e-01
2.898641866169140990e-01
2.388881031220837226e-01
5.725075137770596623e-01
4.974052785168339152e-01
4.266651698070454413e-01
1.988590637228704605e-01
2.161142413078287472e-01
-1.330933492095593529e+00
4.016640446913907203e-01
3.942449650293022856e-01
3.757591943991265837e-01
1.983648944616316911e-01
7.958055646590743715e-01
2.355966495069526934e-01
5.835711197394074512e-01
2.789263957008770722e-01
2.011515249924028803e-01
2.879069679711525054e-01
1.227061256614970369e-01
6.615414599828501885e-01
2.312132962160152183e-01
1.847915883478304933e-01
2.155840652401728452e-01
-3.288627802738633754e+00
8.697956683780978526e-01
3.296031549292395280e-01
-5.789084735709445484e-01
1.441088623924761114e-01
1.596394388873439985e-01
1.706427011968524032e-01
-3.885718629342225672e+00
2.558913215474463154e-01
3.205642356039739571e-01
3.353924881687890269e-01
-4.714636564650452333e-01
1.438400136887270364e-01
3.360772995777782657e-01
-1.281457338930949708e-01
3.653765143735384635e-01
-5.038286824105446815e-01
3.302630188305629710e-01
2.207630700574052807e-01
2.497461121501621251e-01
1.948431968759327670e-01
1.701039105324399781e-01
-1.483520639677073261e+00
3.127777154165643503e-01
2.700318327786147554e-01
-2.561811702559284143e+00
1.033036212747622473e+00
4.153563260377733934e-01
-8.824173237603036846e-01
4.075436091389477156e-01
-2.893829940013128432e-01
-2.193342143438501216e-02
-3.519914375798457229e+00
-7.895802300327130485e-01
-3.087335182105074516e+00
2.323961207534606943e-01
3.586589407814392838e-01
3.854147381992762966e-01
3.169242708607093451e-01
2.588388125532931072e-01
2.588177358276318452e-01
-1.921592261652681710e+00
2.514861003919882654e-01
2.391139690593524769e-01
-8.745188112231464528e-01
2.442942166705608098e-01
2.509680906244415866e-01
2.492246254871422761e-01
3.182274611371363471e-01
3.583933697484670278e-02
-2.172957633208857930e-01
2.944573952903734027e-01
1.342203678119742172e-01
2.601167710528981547e-01
2.489662013364863924e-01
-8.454026258367162983e-02
-3.458558033819570388e-01
2.478471236018860435e-01
3.125598294123180243e-01
2.476442928564276114e-01
-3.094420109387495121e-01
2.469803834391152697e-01
2.487543373531554969e-01
2.662826793885064713e-01
2.210272304270994304e-01
-4.877136214234943645e-02
2.014807498091332472e-01
-6.932959835932758219e-01
2.289573916637106243e-01
5.709157633773810359e-01
2.187172485515000431e-01
3.137540874730744278e-01
2.487858302419111989e-01
1.921532026806842819e-01
-2.745782921237646668e-01
7.796561670551362122e-02
2.376858121221119280e-01
3.693365886562143263e-01
3.143206770201514844e-01
2.475904083975293546e-01
-1.289134441800710018e-02
2.557594690906954682e-01
2.239869865979341457e-01
2.027273571518745932e-01
2.550836609038363845e-01
-3.471634765539834966e-01
1.912728385707077039e-01
3.908109496023866036e-01
8.526970795625092581e-02
2.535510584649511290e-01
3.221843628373058377e-01
-5.116094628813979694e-01
2.733620877446909514e-01
1.742837071957141770e-01
2.720100415867174881e-01
-1.392722257291435284e+00
1.256146991606231500e-01
3.065814958197443096e-01
1.818234925338790275e-01
3.405232637997880341e-01
-3.546143180877560086e-01
4.066665433028547327e-01
-1.462030870114511938e+00
1.916384276271469456e-01
-3.413767796835828205e-01
-2.135961018280806700e-01
1.823848605410139379e-01
3.514553691360657872e-01
-2.646770482808972202e-01
-3.834230531294843813e-01
2.655439533459325596e-01
9.208170242304397624e-02
-1.679895862230620651e-01
-1.328306262522419845e-01
3.149036175248900449e-01
2.416502500463875158e-01
2.775840568105508721e-01
4.212174462327067936e-01
2.627132296160850089e-01
4.228724864293982311e-01
3.730962867296263585e-01
-3.826777651485829268e-01
3.221067525718308011e-01
3.015239604434651333e-01
-1.262118015314118491e+00
2.486693081996952104e-01
-5.161286751249209992e-01
2.668343689092946835e-01
2.216249196395036758e-01
2.512118237224900685e-01
2.447492836792127258e-01
2.359979931304992951e-01
-2.837234009349623443e-01
3.413122790479493074e-01
2.494949426557713512e-01
2.334299079274810840e-01
1.479141442163284248e-01
2.310806463483553452e-01
2.686036238219082772e-01
2.642560116966373163e-01
2.954890762812173444e-01
1.928307407861500899e-01
2.192463155750642989e-01
3.004257008358997005e-01
-2.077446525001447053e-01
2.495552605821581560e-01
-3.095559470995346008e-01
3.016205158456047308e-01
-4.824014354204510524e-01
2.475312629553580168e-01
3.100546440687054206e-01
3.936430661343399140e-01
3.893341764664717819e-01
4.181147402873541252e-01
2.502950569743654929e-01
-2.973062323584414468e+00
-3.155395894193128714e-01
-2.886963900504422309e+00
2.484279198051412563e-01
4.259927398663142517e-01
2.466602536932596956e-01
2.296988824848654187e-01
2.227231015892685295e-01
3.908109600975980813e-01
3.557870138920523062e-01
1.611293206081642615e-01
3.168945980529995765e-01
2.980328474160768293e-01
2.720120334348945512e-01
3.516542415326298077e-01
3.192618697961700502e-01
2.103258623762757906e-01
3.179013316240472675e-01
-7.188058999756965495e-01
5.294001280928397613e-01
1.876817257220543544e-01
2.907667281874061205e-01
-3.061059848564834374e-01
-2.009443145463537306e+00
9.952599051586228374e-01
3.517794423380147251e-01
-2.993490680645581326e-01
-5.352906082530132226e-01
3.482707578935725912e-01
3.606317421615645169e-01
-6.570243668804649495e-01
-1.969619382060815438e+00
-8.202320089529502312e+00
-1.535230235075821792e+00
2.886863032223380143e-01
-2.341495833673297167e-01
2.502486681171952609e-01
-7.020884476695924414e-01
3.443145883089079318e-01
-5.195035455936503066e-01
-3.403321104984681766e-01
3.648502549423807695e-01
3.467780651295306327e-01
3.797577130202793305e-01
3.360579698572063734e-01
3.407836933837941618e-01
3.277617260449753323e-01
-1.082456816862153032e-01
3.454169014924266534e-01
3.523232859070057343e-01
3.471519619970714343e-01
2.421940984526700091e-01
3.212224813445106464e-01
3.022170067468823995e-01
3.747439358654462982e-01
-2.172087927434254717e-01
4.168375595193010708e-01
2.560479683416231333e-01
2.210179100401649388e-01
-1.127525095650117937e+00
2.681908966662701621e-01
3.576587649448509931e-01
8.544895736762851690e-02
3.909559817583361796e-01
3.447728126929680004e-01
3.454293896609086922e-01
3.462392784395973977e-01
3.081233871607926278e-01
3.223182160284195907e-01
3.611262337977850234e-01
3.906808652361211665e-01
2.808104598780904460e-01
3.426463422423473015e-01
3.300197298712931326e-01
5.395618039769792817e-01
4.794824646456791184e-01
-1.985296220179890159e-01
3.805576090268649181e-01
-8.459158790849050646e-01
-5.003346906152400519e-02
3.326741798613257473e-01
3.110400998073596379e-01
-7.933212742113284754e-01
3.613075728793281871e-01
-2.150230355583842012e+00
-1.840379149948547788e-01
2.608844297544301027e-01
3.752807125218313722e-01
2.887718328754099728e-01
4.523610886909111839e-01
1.926169628700931669e-01
4.015752268516695200e-01
-1.390946137938660898e-01
2.760389267573037375e-01
3.984974613819127209e-01
4.150246657450632481e-01
3.163809124431138931e-01
3.480025060382605506e-01
3.962760312533084583e-01
3.511626077928948764e-01
-6.143903555705731989e-01
-1.400308008266546445e-01
-1.036391274291266623e-01
3.035606061940208100e-01
3.672689061868389948e-01
3.599117144333109364e-01
3.107214508640417372e-01
3.490108791351016482e-01
2.918990215148759559e-01
-2.295880722853309575e-01
4.515091320279557285e-01
3.561156242645240888e-01
4.588023395937650961e-01
3.614636226046302747e-01
3.228996284429330177e-01
3.043024978382783963e-01
2.015160099496949020e-01
2.991825432613623437e-01
2.981656596810906557e-01
-5.037583839454845558e-01
3.221071884081688763e-01
4.044514040611796868e-01
8.156918612738375818e-02
-3.120504808194709767e+00
-8.464792546874223556e-01
4.028435006704341736e-01
-7.329099226324402583e-01
4.014454098879838284e-01
3.578000482271284088e-01
-1.462204894952310319e+00
-3.678652779023590669e-01
3.610233594360168774e-01
3.352277264015849911e-01
2.801906101829966800e-01
3.496318301285754604e-01
2.756241542082046858e-01
4.467680897460921119e-01
3.460831526924789125e-01
3.525420926012065581e-01
4.631282530152173171e-01
-1.316419324313131245e+00
3.983803990963002972e-01
-2.467056689878836806e-01
2.805632708324353741e-01
1.026824270786886872e+00
