-2.810531271717790769e-02 7.895961176560556405e-02 -5.396546450220320729e-02 3.763263566820385791e-02 -9.525038191448342850e-02 7.028233788087422107e-02 1.167092664632216475e-01 -5.721924534585161315e-02 8.738364391621528116e-02 -7.757850590964093795e-02 -1.345704967732453891e-02 3.817296172504713175e-02 -6.914430087816421724e-03 1.713306998955402977e-02 2.912908454128666086e-02 -4.827437730939593101e-03 0.000000000000000000e+00 0.000000000000000000e+00 0.000000000000000000e+00 0.000000000000000000e+00 4.243156530379286334e-02 5.305068071818624942e-02 -5.785181330973253322e-02 -3.106823909940741122e-03 6.783110381730242389e-02 4.514144988331786346e-02 -1.902594675962825718e-03 -7.655009576613595879e-02 2.571682457029740056e-03 1.042525793955610160e-02 -1.410976490994421406e-02 3.563648978780254578e-02
2.438868900707788848e-02 1.462305263875119353e-02 -2.048771454327756852e-03 -1.424020095865962537e-02 3.926214159617816973e-02 -2.108219880717411218e-02 3.603750143332996696e-03 9.465689110669074169e-04 -1.039683655032109244e-01 1.071480378517410958e-01 -1.901407463199616607e-02 3.855940429594199165e-02 -1.294975605669262779e-02 1.120163985668412923e-02 -2.898584039907093138e-02 5.346350724533700111e-02 0.000000000000000000e+00 0.000000000000000000e+00 0.000000000000000000e+00 0.000000000000000000e+00 -1.802380946345450222e-02 3.613355161456514864e-02 2.165827352828215285e-02 -1.703753398273708669e-02 -3.009527603180375821e-02 9.232091161490259962e-03 5.348735762252022907e-02 -9.898726883593132742e-03 2.361766418804843448e-02 2.373158002290628663e-02 -2.840241443180690356e-03 -2.178234496690784755e-02
1.695382112871484520e-02 -4.979098257494710827e-02 -4.794720464985509877e-03 2.224736480302003105e-02 3.077280725231592781e-02 1.562695767821684414e-02 -7.472319053864388827e-02 1.294187608062463517e-02 -2.673270220856848942e-02 -7.359066681390186160e-02 5.612664277045074923e-02 2.881103215720764998e-02 -2.158927539477352268e-03 3.938364723043292527e-03 -1.932738757881154179e-02 2.161886335498291924e-03 0.000000000000000000e+00 0.000000000000000000e+00 0.000000000000000000e+00 0.000000000000000000e+00 -2.967523912922888363e-02 -6.794446236436309759e-03 5.154028055443070355e-02 -3.045802893516275089e-02 -1.932536562751020759e-02 -1.638492624742889786e-02 -1.323828638486859895e-02 3.356145222551887297e-02 -6.135723846680671799e-03 6.168768055106406238e-03 -1.474929737425249507e-02 -6.672971433892568123e-04
-1.323873277728383584e-02 -4.379228032580559371e-02 6.080944712155391535e-02 -4.563852031274644866e-02 2.521658601907853653e-02 -6.482469789672214155e-02 -4.558773081492818735e-02 4.333100763223587254e-02 4.331469523708610797e-02 4.401861305889440135e-02 -2.365480474241947462e-02 -1.055446386466037390e-01 2.202317466203210228e-02 -3.226902458334506701e-02 1.918362372156521070e-02 -5.080003461209602750e-02 0.000000000000000000e+00 0.000000000000000000e+00 0.000000000000000000e+00 -0.000000000000000000e+00 1.094239433703529663e-02 -7.454241346094619969e-02 -1.617940957369421243e-02 3.791577231992045161e-02 -1.509351555318795383e-02 -3.133200547082992671e-02 -3.762851976175109886e-02 4.219306763033103813e-02 -3.230558112977278962e-02 -2.732936456273372949e-02 -3.390750271608297586e-03 2.116104753349645762e-02
-2.904589968741665140e-02 -5.288313087621787645e-02 7.400305695322341448e-02 1.359714678330142985e-02 5.062249634521095998e-02 5.542745878430224704e-02 -3.255113848770680926e-03 -9.712521233666197851e-02 -2.832367548231130849e-02 -2.714864126111171325e-02 -9.666529607074518787e-04 6.211211063115756881e-02 -5.997106307465349673e-02 -3.969699526282497587e-02 9.768290260710857376e-02 7.660005603193119697e-03 4.243156530379286334e-02 -1.802380946345450222e-02 -2.967523912922888363e-02 1.094239433703529663e-02 0.000000000000000000e+00 0.000000000000000000e+00 0.000000000000000000e+00 0.000000000000000000e+00 1.312022286406655004e-02 2.827117847242709842e-02 -5.272895235167994119e-03 -3.044439145604722202e-02 -2.276856408174731880e-02 9.611924480932922815e-03 1.281330825824059452e-02 6.018722528727235392e-03
-2.967527800429850190e-02 1.043482812086870236e-02 3.064583977098678507e-03 2.402103293833658670e-02 1.579027590799610831e-02 -1.070532721358401218e-01 1.011980454732683971e-01 -2.092068117127392733e-03 -8.856601946838486838e-02 -2.035407595945071257e-02 6.274425306843990635e-02 5.402268360984835427e-02 1.025364704151310591e-01 -5.039817278274696249e-02 -1.341736121032567897e-01 8.987854429868785688e-02 5.305068071818624942e-02 3.613355161456514864e-02 -6.794446236436309759e-03 -7.454241346094619969e-02 0.000000000000000000e+00 0.000000000000000000e+00 -0.000000000000000000e+00 0.000000000000000000e+00 4.868545934680461665e-03 -1.141726687709847254e-02 5.456010626528472185e-02 -4.016407303276225277e-02 -3.197806234890065297e-02 -1.229319149473697033e-02 3.583596052630216161e-02 1.628038714696241132e-02
3.714984143185258089e-03 6.841622395279606250e-02 -6.659715616484105163e-03 -6.630359932072162066e-02 -1.568954179069296725e-02 -4.536033878065933410e-03 -8.381968436560398306e-02 1.032104376628302511e-01 9.215761615445185184e-02 -2.111965248472364928e-02 -2.168293340773515959e-02 -5.018757237567771090e-02 -9.734061182115365252e-02 9.100699752070923187e-02 9.533339055334787149e-02 -8.983302790401131999e-02 -5.785181330973253322e-02 2.165827352828215285e-02 5.154028055443070355e-02 -1.617940957369421243e-02 0.000000000000000000e+00 -0.000000000000000000e+00 0.000000000000000000e+00 -0.000000000000000000e+00 -8.597440866642788379e-03 5.976181942541675465e-03 -6.178357887575817303e-02 6.357054841464357398e-02 3.240471111440992175e-02 3.962470486423250865e-02 -9.761719058805176652e-02 2.475132986024057916e-02
5.500503124171809283e-02 -2.597067490891695474e-02 -7.040658690759042659e-02 2.868483146152105839e-02 -5.072568727985465875e-02 5.616106398982892434e-02 -1.412637934401431497e-02 -3.994294262982601637e-03 2.473346840444299796e-02 6.862305451413663882e-02 -4.009262637519520056e-02 -6.594898454419562128e-02 5.477559856046112369e-02 -9.113008868919947195e-04 -5.884466528659396817e-02 -7.705172102842811239e-03 -3.106823909940741122e-03 -1.703753398273708669e-02 -3.045802893516275089e-02 3.791577231992045161e-02 0.000000000000000000e+00 0.000000000000000000e+00 -0.000000000000000000e+00 0.000000000000000000e+00 -6.077253814231137717e-03 -1.617198364343775188e-02 1.321619695080841934e-02 -3.653682446377488902e-03 1.008777162274843500e-02 -2.394924409230980017e-02 1.387932228213605360e-02 -1.270557874495638687e-02
-2.726692016132306259e-02 -8.844030369041380735e-02 4.489400587922375008e-02 7.412940967637197953e-02 -3.705051981807241240e-02 -1.179795593960111799e-02 3.988255943808789381e-03 4.818006239472556046e-02 -5.017199587684511436e-02 -1.167321450797900728e-02 2.052860140300761735e-02 4.463370728101481721e-02 2.336794401784065070e-02 2.967359433997815085e-02 -9.869534725037715228e-02 4.896939292706425223e-02 6.783110381730242389e-02 -3.009527603180375821e-02 -1.932536562751020759e-02 -1.509351555318795383e-02 1.312022286406655004e-02 4.868545934680461665e-03 -8.597440866642788379e-03 -6.077253814231137717e-03 0.000000000000000000e+00 -0.000000000000000000e+00 0.000000000000000000e+00 -0.000000000000000000e+00 -2.096083605447792569e-02 -2.185537651999469935e-02 -3.377525552629382505e-02 7.990838242296194327e-02
3.251675979799494021e-02 1.962864724633957281e-02 -5.823226345727047781e-02 1.274513140189949267e-02 2.430534326458327898e-02 4.607236975763787795e-02 -1.528876385218370937e-02 -4.843450525580917515e-02 4.634368742049996270e-02 -6.225166857362973705e-02 -4.271135642844959418e-02 6.527299119641435943e-02 5.247171689496244948e-03 -7.902148507601172364e-03 7.555216825785775192e-02 -6.623971716918282404e-02 4.514144988331786346e-02 9.232091161490259962e-03 -1.638492624742889786e-02 -3.133200547082992671e-02 2.827117847242709842e-02 -1.141726687709847254e-02 5.976181942541675465e-03 -1.617198364343775188e-02 -0.000000000000000000e+00 0.000000000000000000e+00 0.000000000000000000e+00 0.000000000000000000e+00 -2.538402131172150765e-03 -4.604123549011777256e-02 7.604529272375272486e-02 -2.080882283662669960e-02
4.491045746606092681e-02 1.465655257392433838e-02 -2.549863173688549089e-03 -5.630010882931588828e-02 3.759722992425683363e-02 -6.608906803889616488e-02 -1.164746827080749905e-02 4.085442762211242279e-02 -5.970583845148776797e-02 8.676306948627392213e-02 2.400611721157147257e-02 -5.034506425428567772e-02 -8.818676585561707748e-03 -5.383959918603895695e-02 5.385751766564025184e-02 9.517214410411138636e-03 -1.902594675962825718e-03 5.348735762252022907e-02 -1.323828638486859895e-02 -3.762851976175109886e-02 -5.272895235167994119e-03 5.456010626528472185e-02 -6.178357887575817303e-02 1.321619695080841934e-02 0.000000000000000000e+00 0.000000000000000000e+00 0.000000000000000000e+00 -0.000000000000000000e+00 1.499044635103286179e-02 6.935214439812673048e-02 -1.371750637719490462e-01 5.355150866790556879e-02
-5.015972145240982227e-02 5.415235039068122536e-02 1.588720954410998906e-02 -3.057273314250286839e-02 -2.485327434038173827e-02 3.181384347578132543e-02 2.294602834867739624e-02 -4.060000612209653525e-02 6.353415455856327443e-02 -1.283916169384962530e-02 -1.823649806834077517e-03 -5.956133011140410383e-02 -1.979693333174352074e-02 3.206445729251485716e-02 -3.071409399007253224e-02 7.751787937283111801e-03 -7.655009576613595879e-02 -9.898726883593132742e-03 3.356145222551887297e-02 4.219306763033103813e-02 -3.044439145604722202e-02 -4.016407303276225277e-02 6.357054841464357398e-02 -3.653682446377488902e-03 -0.000000000000000000e+00 0.000000000000000000e+00 -0.000000000000000000e+00 0.000000000000000000e+00 -3.744962190142833453e-03 1.153955751406600221e-02 5.981360861869145645e-02 -7.830171578307267011e-02
5.575158759805819847e-02 6.923652657942788724e-02 -1.794221658441864584e-02 -1.193008131576245162e-01 7.210221065770174020e-02 -1.235578912676662915e-02 -1.029504615629030784e-01 3.095187706204636374e-02 -4.899187767213862565e-02 -2.849109633373072756e-02 7.677049251514460326e-02 -1.154232408343144368e-02 1.429577676990916382e-02 2.166577309559094763e-02 -8.014683459788934233e-03 -4.019933559803353512e-02 2.571682457029740056e-03 2.361766418804843448e-02 -6.135723846680671799e-03 -3.230558112977278962e-02 -2.276856408174731880e-02 -3.197806234890065297e-02 3.240471111440992175e-02 1.008777162274843500e-02 -2.096083605447792569e-02 -2.538402131172150765e-03 1.499044635103286179e-02 -3.744962190142833453e-03 0.000000000000000000e+00 0.000000000000000000e+00 0.000000000000000000e+00 0.000000000000000000e+00
3.182518353157908625e-02 -3.701836052090102386e-02 3.890000760961810720e-03 1.429917982231316935e-02 2.331604364249429545e-02 4.459914539995987748e-02 1.503099302200411602e-01 -2.052300941460386829e-01 -5.767094783684049465e-03 6.434226332117923275e-02 -1.071096034372652772e-01 6.152716896391648149e-02 -6.916079528302628530e-03 6.943680459463355548e-02 1.933587303849269509e-02 -6.885993655551328474e-02 1.042525793955610160e-02 2.373158002290628663e-02 6.168768055106406238e-03 -2.732936456273372949e-02 9.611924480932922815e-03 -1.229319149473697033e-02 3.962470486423250865e-02 -2.394924409230980017e-02 -2.185537651999469935e-02 -4.604123549011777256e-02 6.935214439812673048e-02 1.153955751406600221e-02 0.000000000000000000e+00 0.000000000000000000e+00 -0.000000000000000000e+00 -0.000000000000000000e+00
-3.912573550826803359e-03 -4.942637631440449132e-03 -1.020587261468044599e-01 7.582305771369539371e-02 1.855251116266791456e-02 -6.308938024331135763e-02 8.107726930307939187e-03 1.339175369914209464e-03 1.122277953004711774e-02 -3.628987712072993810e-02 4.298982792329125030e-02 -5.301059111465965951e-02 -6.145914213282641786e-02 -5.019840070031356127e-02 3.561168602145727696e-02 4.095444263858659395e-02 -1.410976490994421406e-02 -2.840241443180690356e-03 -1.474929737425249507e-02 -3.390750271608297586e-03 1.281330825824059452e-02 3.583596052630216161e-02 -9.761719058805176652e-02 1.387932228213605360e-02 -3.377525552629382505e-02 7.604529272375272486e-02 -1.371750637719490462e-01 5.981360861869145645e-02 0.000000000000000000e+00 -0.000000000000000000e+00 0.000000000000000000e+00 0.000000000000000000e+00
-8.366508514996155721e-02 -2.727579858430614207e-02 1.161122411564858847e-01 2.917902994950863360e-02 -1.139718511988331850e-01 3.084690059115278299e-02 -5.546737989431837351e-02 1.729410685669579006e-01 4.353942941031550135e-02 4.376160127026344012e-04 -1.265104055992763779e-02 3.024595024382366933e-03 5.407745922711423153e-02 -4.090837840970589639e-02 -4.693245865428921637e-02 6.810841504006540092e-02 3.563648978780254578e-02 -2.178234496690784755e-02 -6.672971433892568123e-04 2.116104753349645762e-02 6.018722528727235392e-03 1.628038714696241132e-02 2.475132986024057916e-02 -1.270557874495638687e-02 7.990838242296194327e-02 -2.080882283662669960e-02 5.355150866790556879e-02 -7.830171578307267011e-02 0.000000000000000000e+00 -0.000000000000000000e+00 0.000000000000000000e+00 0.000000000000000000e+00
