-1.842676199857923303e-01 -1.467376668650633223e-02 1.077585162442109001e-01 4.167781155693222467e-02 -1.620693297602422700e-02 9.653361573115377958e-02 -6.880984353178561108e-02 -6.102107393178309025e-02 -1.070659212908499358e-02 7.141800253388110031e-02 -5.624290761569353259e-02 -5.397363587016915792e-02 -5.084685986919102590e-02 1.492055735778077818e-01 -1.263087884484949408e-01 -2.155546621383281833e-02 0.000000000000000000e+00 0.000000000000000000e+00 -0.000000000000000000e+00 0.000000000000000000e+00 1.250705651061702617e-01 -1.849119666998434025e-02 3.999773601443182974e-02 -1.960801748122635024e-01 2.131674743568113400e-02 -1.542650604242934258e-02 1.669722275425515878e-01 -2.223649300042665478e-01 -3.556547491329606347e-02 1.291021491254912557e-01 -1.957710870891848920e-01 5.273386603970683928e-02
1.429620384260806842e-01 2.720954676235192229e-02 4.654384206255921669e-02 -9.376596298434469734e-02 1.049286739542847936e-02 4.872579672620664520e-02 5.830027400565700874e-02 5.426965172536943674e-03 -2.915269393075252055e-02 4.066389291540385698e-02 5.697332971372701116e-02 5.446648477366540508e-02 -8.733976094968202639e-03 -6.386312550618729322e-02 1.552255535383040286e-01 4.031930555814302458e-02 0.000000000000000000e+00 0.000000000000000000e+00 -0.000000000000000000e+00 0.000000000000000000e+00 6.905975572383055150e-02 5.309364698289350398e-02 1.453545932397506783e-02 -1.374256635850870135e-02 -4.744174635211243288e-03 4.578762314154311702e-02 -3.098894804455862967e-04 8.221386435090734246e-02 8.679683226436517296e-02 -6.254657253118875437e-02 -2.230751599271606905e-02 1.210035392506427498e-01
1.916289773209089997e-01 -2.313309663036752437e-02 -2.372410659209029105e-01 1.813693814215145209e-02 4.011468746727221008e-02 -2.620475526252261655e-01 1.259050325723226615e-01 4.541782185169261632e-02 9.812570182401352328e-03 -2.529230646816774675e-01 1.730489485246999165e-02 1.751932251018263886e-01 4.094721989648551774e-02 -2.222542655603012840e-01 1.589519578136069089e-01 -2.826106530507387082e-02 -0.000000000000000000e+00 -0.000000000000000000e+00 0.000000000000000000e+00 0.000000000000000000e+00 7.539577152480630116e-03 -1.469840708564800758e-01 4.842200130115886098e-02 4.041005577838888141e-02 -8.816199813774584781e-02 1.160360765329205603e-02 2.096015958019795122e-02 4.988575716079446908e-03 2.250864219493578164e-02 5.017554658892671438e-02 3.469540833566720633e-02 -1.579878013168160011e-01
-1.503220375443050094e-01 1.059591937429412052e-02 8.294072537218080687e-02 3.395349242060283212e-02 -3.439791388056761406e-02 1.167857617622316824e-01 -1.153957413745872879e-01 1.017482382617057070e-02 3.004861405165570529e-02 1.408417763686014013e-01 -1.803586391497340874e-02 -1.756866064261914384e-01 1.863173828164478574e-02 1.369102129398191148e-01 -1.878708618924601337e-01 9.496564557831852632e-03 0.000000000000000000e+00 0.000000000000000000e+00 0.000000000000000000e+00 0.000000000000000000e+00 -2.269585875049926205e-01 7.259474248210245895e-02 5.011536941915670923e-03 1.265221423229802300e-01 1.654450010576601418e-02 8.322490078554499460e-02 -2.500992129690890464e-01 1.274959557635843010e-01 2.589682221825010885e-02 -1.616954704152965827e-01 1.625646045874719614e-01 -4.960059461457881624e-02
-1.070692178177089643e-01 2.484231654795621830e-02 8.743292825236775867e-02 -3.049635591345178920e-02 7.514017212515039512e-02 1.346821619976442952e-01 -1.949873850185352697e-01 -4.012574017421289413e-02 1.885241251458609490e-02 1.301364214354902016e-01 2.568001579115404380e-03 -1.768477051222011320e-01 -6.723719632709447558e-02 5.539152385504649695e-02 -3.271922390832893157e-02 1.927466018632295955e-02 1.250705651061702617e-01 6.905975572383055150e-02 7.539577152480630116e-03 -2.269585875049926205e-01 0.000000000000000000e+00 0.000000000000000000e+00 0.000000000000000000e+00 0.000000000000000000e+00 -2.358090720989097777e-02 5.834438530307885229e-02 -2.211608497650387195e-01 1.611060890238030785e-01 3.826138678797210563e-02 -2.429933183090650928e-01 1.595704088103420126e-01 1.987293476466768169e-02
1.320406452455118451e-01 6.981522406111043133e-02 -2.274912955614206977e-01 -1.414931411781961482e-02 -9.321421325544737568e-02 -2.121014047817493531e-01 2.264407307986840701e-01 3.908860522674829918e-02 1.361019021891879399e-02 -2.186860748501291696e-01 -3.752349769606951740e-02 2.028152556752996771e-01 3.556120011984583579e-02 -2.025907811396129854e-01 8.206064019788562869e-02 4.518433723915916966e-02 -1.849119666998434025e-02 5.309364698289350398e-02 -1.469840708564800758e-01 7.259474248210245895e-02 0.000000000000000000e+00 0.000000000000000000e+00 0.000000000000000000e+00 0.000000000000000000e+00 -1.097256514665803512e-01 1.204592566812395186e-03 2.886503015207185236e-03 6.584897768494117620e-02 1.045405049684451637e-01 -2.577593551681054904e-02 -6.753611043305914920e-03 -1.117962862096632121e-01
1.026054886948253309e-01 -8.427873690312974453e-02 3.344964634196313097e-02 5.618905409470232454e-02 1.123307763788464718e-02 -1.657010824862155569e-03 3.151775897105942026e-02 6.687247856932126977e-02 1.148390973111766515e-02 2.442599686872521519e-02 4.855346424089297674e-02 2.350159397042375989e-02 2.913269637200285520e-02 2.743461742335970288e-02 5.123250437032724619e-02 1.663298583999254403e-04 3.999773601443182974e-02 1.453545932397506783e-02 4.842200130115886098e-02 5.011536941915670923e-03 0.000000000000000000e+00 0.000000000000000000e+00 0.000000000000000000e+00 0.000000000000000000e+00 3.553962889606392117e-02 1.324593907022121424e-02 3.594195085346458401e-02 2.323786897293076900e-02 -2.037960512284781381e-02 -2.111254164869431817e-03 5.203685111965491300e-02 7.841942327328466078e-02
-1.275777642035913484e-01 -1.037906158601966874e-02 1.066072231801348524e-01 -1.154400134394670437e-02 6.844158800822571810e-03 7.907902910442894673e-02 -6.297854805808686396e-02 -6.583950334239964397e-02 -4.394726050479286911e-02 6.412142356726563408e-02 -1.359351274888087255e-02 -4.946903156963855519e-02 2.544175257947904872e-03 1.197631116453152650e-01 -1.005723714659293028e-01 -6.462393383355159726e-02 -1.960801748122635024e-01 -1.374256635850870135e-02 4.041005577838888141e-02 1.265221423229802300e-01 0.000000000000000000e+00 0.000000000000000000e+00 0.000000000000000000e+00 0.000000000000000000e+00 4.272026478853081788e-02 5.239590491003132122e-02 1.198540434121492387e-01 -2.578610100579385445e-01 -2.278669566646912212e-02 2.259166133708538637e-01 -2.256724733974348474e-01 -2.034641335864811537e-02
1.866179348873506227e-01 -5.393133624516724400e-02 -1.916368396615157899e-01 3.904995211267167036e-03 2.578699906623758628e-02 -2.801618410314933305e-01 1.336011773399770897e-01 6.572933976171796422e-02 1.354661134363396857e-02 -1.918376749129324654e-01 1.133473193299686967e-02 1.119123358346401642e-01 5.321939890928721606e-02 -2.340804508784642690e-01 1.549281686679889747e-01 -2.910954868993819583e-02 2.131674743568113400e-02 -4.744174635211243288e-03 -8.816199813774584781e-02 1.654450010576601418e-02 -2.358090720989097777e-02 -1.097256514665803512e-01 3.553962889606392117e-02 4.272026478853081788e-02 0.000000000000000000e+00 0.000000000000000000e+00 0.000000000000000000e+00 -0.000000000000000000e+00 -5.644718825179917410e-02 3.231179844607731666e-02 5.115338200122220708e-02 -8.206102003163813496e-02
7.407425105995053827e-02 -5.373617222503302565e-02 7.948279345122119532e-02 2.537225084193302574e-02 3.987317687787055726e-02 9.315088804393334421e-02 4.287228790181777521e-02 -5.070340885492681526e-02 -3.896459163993137159e-02 3.218967038040910361e-02 2.986378910063140074e-02 1.021041299950459502e-01 3.983498065283219008e-02 -5.235855420907543391e-03 5.039411903453037272e-02 4.019910005527885938e-02 -1.542650604242934258e-02 4.578762314154311702e-02 1.160360765329205603e-02 8.322490078554499460e-02 5.834438530307885229e-02 1.204592566812395186e-03 1.324593907022121424e-02 5.239590491003132122e-02 0.000000000000000000e+00 0.000000000000000000e+00 0.000000000000000000e+00 0.000000000000000000e+00 1.179065184960426671e-01 -1.513642327622565821e-02 3.234256779616538624e-02 -9.923981973489719513e-03
-1.659229137973805557e-01 3.558197671491447611e-02 8.115793823102754323e-02 -1.329415593551480819e-02 -4.570456590104488015e-02 7.218244710364771222e-02 -7.961532677541487135e-02 -9.340660173331079286e-03 -4.639454508935424853e-02 1.105146168866525114e-01 -2.083943998302697012e-02 -1.057558527046755653e-01 -4.079510313409660804e-02 1.514443445361746132e-01 -1.966757529388976078e-01 2.354782867712113675e-02 1.669722275425515878e-01 -3.098894804455862967e-04 2.096015958019795122e-02 -2.500992129690890464e-01 -2.211608497650387195e-01 2.886503015207185236e-03 3.594195085346458401e-02 1.198540434121492387e-01 0.000000000000000000e+00 0.000000000000000000e+00 0.000000000000000000e+00 0.000000000000000000e+00 -1.461088404380006360e-02 -2.216947209002071428e-01 1.543617583646048064e-01 1.946625938737887515e-02
-9.476645450009799077e-02 7.208579285067305553e-02 3.099478264812459069e-02 -1.598247069895787978e-02 -1.995852059165062822e-02 1.148271402024720472e-01 -9.685626556698759271e-02 -5.682398845589851574e-03 7.181339943891919264e-02 4.913687089379610573e-02 -2.035640994806449042e-02 -1.082600336669308910e-01 -5.225473482570124062e-02 8.787123667063981292e-02 -8.646033931346370702e-03 -3.464153082995215238e-02 -2.223649300042665478e-01 8.221386435090734246e-02 4.988575716079446908e-03 1.274959557635843010e-01 1.611060890238030785e-01 6.584897768494117620e-02 2.323786897293076900e-02 -2.578610100579385445e-01 -0.000000000000000000e+00 0.000000000000000000e+00 0.000000000000000000e+00 0.000000000000000000e+00 5.278840779773318753e-02 1.595541550141278686e-01 -2.586760919359558097e-01 3.866628029714304360e-02
1.522354700303600317e-01 -3.498923941938468507e-02 -8.998096611963032898e-03 -8.610538935821938217e-03 7.326049826975057633e-02 5.317911195476852926e-02 3.883938721567790735e-03 -3.069282964100039993e-02 -3.832228151120308651e-02 2.957195199923795884e-02 3.015973739674877863e-02 7.822645373960182558e-02 -2.066884166633465095e-02 -2.310346185341887598e-02 1.300820808860801425e-01 1.332710246630008921e-02 -3.556547491329606347e-02 8.679683226436517296e-02 2.250864219493578164e-02 2.589682221825010885e-02 3.826138678797210563e-02 1.045405049684451637e-01 -2.037960512284781381e-02 -2.278669566646912212e-02 -5.644718825179917410e-02 1.179065184960426671e-01 -1.461088404380006360e-02 5.278840779773318753e-02 0.000000000000000000e+00 0.000000000000000000e+00 -0.000000000000000000e+00 0.000000000000000000e+00
-2.023513490431103901e-01 -9.453254440975195072e-03 2.033384979742731691e-01 -3.649930199402792036e-02 -6.112248128556934279e-05 1.055259611177595119e-01 -1.723341731928821619e-01 2.190077011153875042e-02 4.136991383435900671e-02 1.866932946276615157e-01 -8.140873706952732325e-02 -1.916166229497142381e-01 -6.725534620234818392e-03 1.545418874908655871e-01 -1.438829590822007232e-01 -4.889778617087386925e-02 1.291021491254912557e-01 -6.254657253118875437e-02 5.017554658892671438e-02 -1.616954704152965827e-01 -2.429933183090650928e-01 -2.577593551681054904e-02 -2.111254164869431817e-03 2.259166133708538637e-01 3.231179844607731666e-02 -1.513642327622565821e-02 -2.216947209002071428e-01 1.595541550141278686e-01 0.000000000000000000e+00 0.000000000000000000e+00 -0.000000000000000000e+00 0.000000000000000000e+00
-1.019998920812902748e-01 8.640772578825516720e-03 3.529712480593956425e-02 3.724552621385226331e-02 -1.718843837835098282e-02 8.023211240900260388e-02 -7.682319216001358420e-02 -7.041669456140540670e-03 5.920134646069354772e-03 1.235086167543153618e-01 -2.058368414546779546e-02 -1.296634243513479501e-01 -1.265398487901921512e-02 1.144802133205660988e-01 -1.220287512875244534e-01 -6.178286354804879551e-04 -1.957710870891848920e-01 -2.230751599271606905e-02 3.469540833566720633e-02 1.625646045874719614e-01 1.595704088103420126e-01 -6.753611043305914920e-03 5.203685111965491300e-02 -2.256724733974348474e-01 5.115338200122220708e-02 3.234256779616538624e-02 1.543617583646048064e-01 -2.586760919359558097e-01 -0.000000000000000000e+00 -0.000000000000000000e+00 0.000000000000000000e+00 0.000000000000000000e+00
1.521167086263315038e-01 3.580406198384155497e-02 -2.296374040165987396e-01 7.866709665456144557e-03 -5.601515476650613390e-02 -2.389399631962127180e-01 2.452713182463639452e-01 1.582846491613934189e-02 -8.965992708517864923e-03 -3.397743510366815767e-01 7.183277135695004256e-02 2.430551828212453858e-01 4.004699059020902507e-02 -2.459159277121514275e-01 1.358312317668563807e-01 3.618591942743661777e-02 5.273386603970683928e-02 1.210035392506427498e-01 -1.579878013168160011e-01 -4.960059461457881624e-02 1.987293476466768169e-02 -1.117962862096632121e-01 7.841942327328466078e-02 -2.034641335864811537e-02 -8.206102003163813496e-02 -9.923981973489719513e-03 1.946625938737887515e-02 3.866628029714304360e-02 0.000000000000000000e+00 0.000000000000000000e+00 0.000000000000000000e+00 0.000000000000000000e+00
