1.208536645452810560e-01 5.238584689240641940e-02 -1.020279216130492300e-01 -2.022859672095838335e-01 -2.471770360494695840e-01 -1.461600520682856084e-02 -1.249413544736013570e-01 2.556612813601913392e-01 -2.986844257103989930e-01 -1.176726290551063751e-02 4.503809492894324251e-02 1.343450212264904742e-01 7.093311956823282471e-02 -6.938755046974816321e-02 -1.604274053255052290e-01 2.781253054275509284e-02 0.000000000000000000e+00 0.000000000000000000e+00 0.000000000000000000e+00 0.000000000000000000e+00 3.043750252623951894e-02 1.270034758376561435e-01 -2.327605201193313489e-01 -5.574906109486840733e-02 -8.402054267167741869e-03 1.190828288326882534e-01 4.210885684619615488e-02 -2.838597800492061451e-01 -3.227275847911741102e-02 1.339972989340253995e-01 -2.503340453562830636e-01 1.753774214321122266e-02
1.048010292653032971e-02 -1.659393734830169609e-01 2.125600892181566878e-02 1.790355674364093874e-01 2.480975614860722045e-01 5.637968542669425515e-02 -2.261409266451780420e-01 -3.350384320881260453e-02 2.265272868185433386e-01 2.769161476302408817e-02 -1.855187616326967048e-02 -1.908319797635733839e-01 -2.010877252133473625e-01 1.237904033278002247e-01 1.341058767207982949e-01 -1.197552908412138732e-02 0.000000000000000000e+00 0.000000000000000000e+00 0.000000000000000000e+00 0.000000000000000000e+00 1.047567856753085910e-03 1.880226458857310948e-02 -6.938033014266567489e-02 9.436246433924798394e-02 4.776690407547381362e-02 4.144195083147726028e-02 -3.421723485567256667e-02 -1.015740395926038181e-02 -3.720836886323772123e-03 2.305091032801575429e-02 -6.116620304623925086e-02 8.666882049224025608e-02
-2.976463938291743980e-02 -2.198241824132239619e-02 8.575242943735682244e-02 -7.974086521984180553e-02 -7.247432232132539585e-03 9.892831179664181296e-02 1.909074814733367764e-01 -3.283206507114060368e-01 1.781452124500563713e-03 6.102644703414365768e-02 -2.366263194366925292e-03 -1.061729637128566855e-01 1.280899917855134740e-01 5.142183434811534865e-02 -2.874887387014784385e-03 -2.223661594009745113e-01 0.000000000000000000e+00 0.000000000000000000e+00 0.000000000000000000e+00 0.000000000000000000e+00 7.100155534861198048e-02 -2.700315550311253587e-01 8.829790325021290298e-02 6.499932193269722380e-02 4.691123101829638986e-02 -3.101337466434975765e-01 9.674563809251605917e-02 1.207433132572324486e-01 1.224712079011219951e-01 -2.899878239893634579e-01 1.619591441914806640e-01 -4.017556124972725823e-02
-1.015708025739421871e-01 1.355338964377945377e-01 -4.983665451686297709e-03 1.029873591206614675e-01 6.326857090064885204e-03 -1.406925427433060038e-01 1.601717186578367758e-01 1.061618081179024065e-01 7.037961193041347707e-02 -7.695128280195646930e-02 -2.411418744580767423e-02 1.626583339663690564e-01 2.066513056820626620e-03 -1.058219241635511704e-01 2.919621265327759438e-02 2.065294308597328821e-01 0.000000000000000000e+00 0.000000000000000000e+00 0.000000000000000000e+00 0.000000000000000000e+00 4.489847172230977679e-02 9.169049989413298116e-03 5.834272910371521986e-02 1.956207473387517812e-02 -1.871361761066046153e-02 1.362220094804008630e-01 -6.964897033714325877e-03 2.142737709603767873e-02 -2.902886846639858923e-02 9.223423108242363722e-02 -2.008261770828316528e-02 8.884894379915990459e-02
1.546141499993670676e-01 7.127131043884754602e-02 -1.402000052106514849e-01 6.170359663376535214e-02 1.243661379513456983e-01 1.662656081167278033e-01 -1.637212020688790792e-01 2.047630902408578701e-02 9.846836951566342866e-02 3.943627341147030729e-01 -1.143583291823153103e-01 -2.310850990627584256e-01 2.277784430514636499e-02 2.145269007882313721e-03 1.517609926834977974e-01 -2.930113146717715222e-02 3.043750252623951894e-02 1.047567856753085910e-03 7.100155534861198048e-02 4.489847172230977679e-02 0.000000000000000000e+00 -0.000000000000000000e+00 0.000000000000000000e+00 0.000000000000000000e+00 9.463353083354759943e-02 -1.126895678720715374e-02 1.720151697866082463e-01 -1.079937323228565560e-01 -1.356378318805165090e-03 8.293101990146273250e-02 1.752699033653420252e-02 4.828546301018609571e-02
-1.260569451919603401e-01 -1.583558919218540709e-02 8.746463215002857339e-02 -6.062522793594925241e-02 -2.000626850818702437e-02 1.566006817739393556e-02 5.884551251144535394e-02 -1.695547463978779867e-01 6.826737144184866213e-02 -1.270953891937848246e-01 2.585571826957650324e-02 -8.208180121675000274e-02 -8.676566117250934795e-02 -2.492496334129107316e-02 -9.647278064876255166e-02 9.310580979063587392e-02 1.270034758376561435e-01 1.880226458857310948e-02 -2.700315550311253587e-01 9.169049989413298116e-03 -0.000000000000000000e+00 0.000000000000000000e+00 -0.000000000000000000e+00 0.000000000000000000e+00 2.872042524475065112e-02 -3.046055343515086111e-01 -4.486427691379622773e-02 2.056914970590573710e-01 2.738187329670332612e-02 -2.697397800438779969e-01 1.072720531705989855e-01 2.002890874813119740e-02
-5.628254068667479237e-02 8.343975980293799610e-02 7.026952614452032508e-02 -2.529323906510624886e-01 -1.734958713130112240e-01 -4.556359371712556672e-02 3.446435135512545406e-02 2.908981954692687472e-02 -1.496097525211063928e-01 -1.785333133973862965e-02 -4.523660438670832479e-02 5.719571852913083593e-02 -3.978028397781949860e-02 6.844698640265813039e-02 -1.829917010906847441e-01 -1.179919542984204234e-03 -2.327605201193313489e-01 -6.938033014266567489e-02 8.829790325021290298e-02 5.834272910371521986e-02 0.000000000000000000e+00 -0.000000000000000000e+00 0.000000000000000000e+00 0.000000000000000000e+00 -3.649546889006106964e-02 1.473733972619158394e-01 -9.858583898673333422e-04 -2.653971710620822155e-01 -2.678744629477346900e-02 1.190232801483507297e-01 -2.542448634255630169e-01 6.505764349098592733e-03
2.772809980754440892e-02 -1.388755949050687055e-01 -1.753287820494147178e-02 2.518535900781824211e-01 6.913825399501562219e-02 -1.363640822413759168e-01 7.040886452517476635e-02 1.199891783771271925e-01 -1.712490602988889568e-02 -2.494163045355931307e-01 1.337431562724889500e-01 2.559741803210511812e-01 1.037693470472294405e-01 -4.566996004064315107e-02 1.277004754331902414e-01 -6.262251118990265486e-02 -5.574906109486840733e-02 9.436246433924798394e-02 6.499932193269722380e-02 1.956207473387517812e-02 0.000000000000000000e+00 0.000000000000000000e+00 0.000000000000000000e+00 0.000000000000000000e+00 -1.929686275208815360e-02 1.551115318998828596e-01 -2.849428081149810513e-02 1.585384186798614176e-02 5.821342848633686423e-02 2.708485214219544246e-02 -4.017926827117262317e-02 7.805755743017285531e-02
-2.172710251277435445e-01 -3.870685895266300774e-02 2.591637487473872903e-01 6.437630793095647230e-02 8.434882673337665282e-02 1.876144878790484988e-03 -6.701738344490403010e-02 4.835344291816118245e-02 1.878160964244249276e-01 -1.808541833193952689e-02 -1.451687588733072409e-01 4.299991119950188206e-02 -4.704884955670365215e-02 -2.305945939145822854e-01 2.371024854094938294e-01 1.081061269905685546e-01 -8.402054267167741869e-03 4.776690407547381362e-02 4.691123101829638986e-02 -1.871361761066046153e-02 9.463353083354759943e-02 2.872042524475065112e-02 -3.649546889006106964e-02 -1.929686275208815360e-02 0.000000000000000000e+00 -0.000000000000000000e+00 0.000000000000000000e+00 -0.000000000000000000e+00 2.625691125399291781e-02 4.493413351589638921e-02 6.375609756782138482e-02 -6.738224152312867476e-02
2.876044973538425253e-01 -1.706043745449363769e-01 -1.105842788876783972e-01 -1.980529034797727170e-02 -1.228853640914792100e-01 -1.422966262719381758e-01 2.333195375327828669e-01 1.847211337648688514e-02 -3.044460426932679709e-02 7.520832723343620629e-02 8.362432361979375839e-02 -1.417760136075930932e-01 1.800762382035834760e-02 -5.786328560934834997e-02 -5.006574157350541371e-02 7.653296602358182488e-02 1.190828288326882534e-01 4.144195083147726028e-02 -3.101337466434975765e-01 1.362220094804008630e-01 -1.126895678720715374e-02 -3.046055343515086111e-01 1.473733972619158394e-01 1.551115318998828596e-01 -0.000000000000000000e+00 0.000000000000000000e+00 0.000000000000000000e+00 -0.000000000000000000e+00 4.652441875902467439e-02 -3.050989918804897227e-01 1.045502972639012068e-01 1.406344938889481089e-01
-1.863530043583618012e-03 1.265962190715166635e-01 -1.737625546905551543e-01 1.467003864686799164e-01 1.912158833353566623e-01 9.387250762697414708e-02 -2.806907547546357296e-01 9.327222683718039420e-02 7.229865358646146711e-02 3.013755825213338888e-02 -7.497082501657696685e-02 7.020472231987956446e-02 6.217378664437410440e-02 2.275512927833878429e-01 5.366213487222661060e-02 -2.457188924051373902e-01 4.210885684619615488e-02 -3.421723485567256667e-02 9.674563809251605917e-02 -6.964897033714325877e-03 1.720151697866082463e-01 -4.486427691379622773e-02 -9.858583898673333422e-04 -2.849428081149810513e-02 0.000000000000000000e+00 0.000000000000000000e+00 0.000000000000000000e+00 -0.000000000000000000e+00 -1.404714154099276358e-02 8.312077091976709242e-02 -7.791105861899301488e-02 1.065070665747635259e-01
-6.847254344446784824e-02 8.271449033447809962e-02 2.518371633439447574e-02 -1.912727028443859112e-01 -1.526784660507721492e-01 4.654698523187352638e-02 1.143867098851804737e-01 -1.600972280858227181e-01 -2.296705765022702683e-01 -8.725900253653971761e-02 1.365137786910142759e-01 2.857001657474150108e-02 -3.313217358698487131e-02 6.090730541524996128e-02 -2.406973789737351932e-01 6.107988553112044666e-02 -2.838597800492061451e-01 -1.015740395926038181e-02 1.207433132572324486e-01 2.142737709603767873e-02 -1.079937323228565560e-01 2.056914970590573710e-01 -2.653971710620822155e-01 1.585384186798614176e-02 -0.000000000000000000e+00 -0.000000000000000000e+00 -0.000000000000000000e+00 0.000000000000000000e+00 -1.281722020342243844e-03 1.363383005231863510e-01 -2.600211146826729158e-01 -2.688115094524257467e-02
-7.010253692066592546e-02 1.850394133943197295e-01 -2.064535518604165842e-01 1.489686464597988202e-01 1.035806073981599407e-01 -1.894225012264952879e-01 2.971826082910637989e-01 -1.538903931587458640e-01 1.905876967935258570e-01 -3.264023115530869518e-02 2.954347046421630998e-02 -1.300395238964436317e-01 2.231021485516790359e-01 -1.591912448775593680e-01 1.114887267107941976e-01 -1.179473037708072408e-01 -3.227275847911741102e-02 -3.720836886323772123e-03 1.224712079011219951e-01 -2.902886846639858923e-02 -1.356378318805165090e-03 2.738187329670332612e-02 -2.678744629477346900e-02 5.821342848633686423e-02 2.625691125399291781e-02 4.652441875902467439e-02 -1.404714154099276358e-02 -1.281722020342243844e-03 0.000000000000000000e+00 0.000000000000000000e+00 0.000000000000000000e+00 0.000000000000000000e+00
-2.512825441235156942e-01 2.116861098943896846e-01 2.050610053991568787e-02 -2.161567889537012802e-02 2.899882157636786070e-02 1.140832508517592575e-01 -2.713846514830442480e-01 8.759982864356444243e-02 -1.156431323378629139e-01 -4.653595208223406526e-02 -1.639915603313679415e-01 2.854692863120545376e-01 -4.360314157493382775e-02 1.376235702067286036e-02 -1.152071492666032343e-01 1.043438136817463613e-01 1.339972989340253995e-01 2.305091032801575429e-02 -2.899878239893634579e-01 9.223423108242363722e-02 8.293101990146273250e-02 -2.697397800438779969e-01 1.190232801483507297e-01 2.708485214219544246e-02 4.493413351589638921e-02 -3.050989918804897227e-01 8.312077091976709242e-02 1.363383005231863510e-01 0.000000000000000000e+00 0.000000000000000000e+00 -0.000000000000000000e+00 -0.000000000000000000e+00
6.607541537787302299e-02 -1.660110969705459738e-01 6.911343978262682319e-02 -1.388000949452839750e-01 -2.580003462972281225e-01 6.970502940706697903e-02 -1.924040743657747660e-02 3.790857607523854395e-02 -1.415564387936277257e-01 3.125609845846528956e-02 6.961257697813193202e-02 -1.289398277005769367e-01 -5.097885934468773979e-03 7.077050023224515374e-02 -1.798305377876062428e-01 -5.546650972033981275e-02 -2.503340453562830636e-01 -6.116620304623925086e-02 1.619591441914806640e-01 -2.008261770828316528e-02 1.752699033653420252e-02 1.072720531705989855e-01 -2.542448634255630169e-01 -4.017926827117262317e-02 6.375609756782138482e-02 1.045502972639012068e-01 -7.791105861899301488e-02 -2.600211146826729158e-01 0.000000000000000000e+00 -0.000000000000000000e+00 0.000000000000000000e+00 0.000000000000000000e+00
2.553071113762216404e-01 -2.307149139085856171e-01 1.168362682271588682e-01 1.144942254973412357e-02 1.254206848689948806e-01 5.636615543345794774e-03 -6.556880297636510230e-03 2.837796725054666375e-02 6.661274854728042871e-02 4.791701368553322182e-02 6.483709791643925413e-02 -2.649183625845642417e-02 -1.743980398270765786e-01 7.465697292676524988e-02 1.835496391566878438e-01 6.907037201578221375e-02 1.753774214321122266e-02 8.666882049224025608e-02 -4.017556124972725823e-02 8.884894379915990459e-02 4.828546301018609571e-02 2.002890874813119740e-02 6.505764349098592733e-03 7.805755743017285531e-02 -6.738224152312867476e-02 1.406344938889481089e-01 1.065070665747635259e-01 -2.688115094524257467e-02 0.000000000000000000e+00 -0.000000000000000000e+00 0.000000000000000000e+00 0.000000000000000000e+00
