0.000000000000000000e+00 0.000000000000000000e+00 0.000000000000000000e+00 0.000000000000000000e+00 -4.445498220876226148e-02 1.032072688042339065e-01 6.970046057706426323e-02 1.023657760943328388e-01 -1.119895267015378060e-01 1.652472411109885964e-01 1.793973661411733117e-02 1.596221452619644987e-01 1.712733791923853333e-01 6.534558368627023384e-02 -9.619387647687781262e-02 9.039372644446376504e-02
0.000000000000000000e+00 0.000000000000000000e+00 0.000000000000000000e+00 0.000000000000000000e+00 -1.152843447613078887e-01 3.601889657426100150e-02 1.950677761275834421e-01 8.147664058990658487e-02 -7.643870416740407292e-02 1.694254498062598424e-01 7.109090949837873485e-02 3.319953119429101124e-02 -1.366043326220578273e-02 1.128598862323584168e-01 -3.662888795972817080e-02 1.347126827060239895e-01
0.000000000000000000e+00 0.000000000000000000e+00 0.000000000000000000e+00 0.000000000000000000e+00 -2.548887008934173914e-02 9.604581558557448440e-02 8.194613097305962490e-02 -4.647193822740824237e-03 -7.468579102155632754e-02 -5.672327738714593587e-02 1.192394727070320987e-01 1.600268045928957272e-01 1.032932159008580209e-01 8.052740336553015910e-02 -5.991167588272731243e-02 2.394763884348988930e-02
0.000000000000000000e+00 0.000000000000000000e+00 0.000000000000000000e+00 0.000000000000000000e+00 -4.211578655519161440e-01 -5.037019708295003423e-02 -1.272415688638652287e-01 2.281642280130982692e-02 -3.678784488956507448e-01 -1.144935317415243514e-01 -1.241795300513168915e-02 -8.116327133475997879e-02 -5.962265351666463931e-02 -8.547184364313269167e-02 -3.879711256809678654e-01 -4.288907798625104378e-02
-4.445498220876226148e-02 -1.152843447613078887e-01 -2.548887008934173914e-02 -4.211578655519161440e-01 0.000000000000000000e+00 -0.000000000000000000e+00 -0.000000000000000000e+00 0.000000000000000000e+00 -3.536053992553211400e-01 -4.924238962254672697e-02 -9.614652006583677968e-02 -1.073932527312762425e-01 -6.449354346593780263e-02 -6.127813017686750685e-02 -3.735873653511183612e-01 -1.070266688347975559e-01
1.032072688042339065e-01 3.601889657426100150e-02 9.604581558557448440e-02 -5.037019708295003423e-02 -0.000000000000000000e+00 0.000000000000000000e+00 0.000000000000000000e+00 0.000000000000000000e+00 -1.048435448828625993e-01 9.343949258707627548e-02 5.650029292216445648e-02 1.398040446961594518e-01 8.110667422417236483e-02 1.558818604745867975e-01 -7.909377126017864967e-02 2.700647327455762622e-02
6.970046057706426323e-02 1.950677761275834421e-01 8.194613097305962490e-02 -1.272415688638652287e-01 -0.000000000000000000e+00 0.000000000000000000e+00 0.000000000000000000e+00 -0.000000000000000000e+00 -3.661696079693983752e-02 6.363485454027262289e-02 7.553287905491866405e-02 1.169238040591589894e-01 1.527903026672126907e-01 4.679313133541600916e-02 -9.298862338920953208e-02 1.128803125447313260e-01
1.023657760943328388e-01 8.147664058990658487e-02 -4.647193822740824237e-03 2.281642280130982692e-02 0.000000000000000000e+00 0.000000000000000000e+00 -0.000000000000000000e+00 0.000000000000000000e+00 -1.359286899557550499e-01 5.562604572299457290e-02 1.599675694922050861e-01 1.223475510727819737e-01 3.187927448247983298e-02 3.186549379080984290e-02 -3.503773886446890501e-02 1.733039944200113203e-01
-1.119895267015378060e-01 -7.643870416740407292e-02 -7.468579102155632754e-02 -3.678784488956507448e-01 -3.536053992553211400e-01 -1.048435448828625993e-01 -3.661696079693983752e-02 -1.359286899557550499e-01 -0.000000000000000000e+00 0.000000000000000000e+00 0.000000000000000000e+00 -0.000000000000000000e+00 -7.255756596045596918e-02 -1.166687096758897008e-01 -3.894200379202863438e-01 -5.234607621675209377e-02
1.652472411109885964e-01 1.694254498062598424e-01 -5.672327738714593587e-02 -1.144935317415243514e-01 -4.924238962254672697e-02 9.343949258707627548e-02 6.363485454027262289e-02 5.562604572299457290e-02 0.000000000000000000e+00 0.000000000000000000e+00 0.000000000000000000e+00 0.000000000000000000e+00 1.386317508587038283e-01 9.480397724109260182e-02 -2.350077114700972053e-02 -4.647881244477885393e-02
1.793973661411733117e-02 7.109090949837873485e-02 1.192394727070320987e-01 -1.241795300513168915e-02 -9.614652006583677968e-02 5.650029292216445648e-02 7.553287905491866405e-02 1.599675694922050861e-01 0.000000000000000000e+00 0.000000000000000000e+00 0.000000000000000000e+00 0.000000000000000000e+00 -2.554827526059405551e-02 1.365610997983594810e-01 -7.751683545729924629e-02 1.623570708292700338e-01
1.596221452619644987e-01 3.319953119429101124e-02 1.600268045928957272e-01 -8.116327133475997879e-02 -1.073932527312762425e-01 1.398040446961594518e-01 1.169238040591589894e-01 1.223475510727819737e-01 -0.000000000000000000e+00 0.000000000000000000e+00 0.000000000000000000e+00 0.000000000000000000e+00 1.607560495128307898e-01 5.856626360996492614e-02 -9.027341584441676836e-02 1.426322049135510528e-01
1.712733791923853333e-01 -1.366043326220578273e-02 1.032932159008580209e-01 -5.962265351666463931e-02 -6.449354346593780263e-02 8.110667422417236483e-02 1.527903026672126907e-01 3.187927448247983298e-02 -7.255756596045596918e-02 1.386317508587038283e-01 -2.554827526059405551e-02 1.607560495128307898e-01 0.000000000000000000e+00 0.000000000000000000e+00 0.000000000000000000e+00 0.000000000000000000e+00
6.534558368627023384e-02 1.128598862323584168e-01 8.052740336553015910e-02 -8.547184364313269167e-02 -6.127813017686750685e-02 1.558818604745867975e-01 4.679313133541600916e-02 3.186549379080984290e-02 -1.166687096758897008e-01 9.480397724109260182e-02 1.365610997983594810e-01 5.856626360996492614e-02 0.000000000000000000e+00 0.000000000000000000e+00 0.000000000000000000e+00 0.000000000000000000e+00
-9.619387647687781262e-02 -3.662888795972817080e-02 -5.991167588272731243e-02 -3.879711256809678654e-01 -3.735873653511183612e-01 -7.909377126017864967e-02 -9.298862338920953208e-02 -3.503773886446890501e-02 -3.894200379202863438e-01 -2.350077114700972053e-02 -7.751683545729924629e-02 -9.027341584441676836e-02 0.000000000000000000e+00 0.000000000000000000e+00 -0.000000000000000000e+00 0.000000000000000000e+00
9.039372644446376504e-02 1.347126827060239895e-01 2.394763884348988930e-02 -4.288907798625104378e-02 -1.070266688347975559e-01 2.700647327455762622e-02 1.128803125447313260e-01 1.733039944200113203e-01 -5.234607621675209377e-02 -4.647881244477885393e-02 1.623570708292700338e-01 1.426322049135510528e-01 0.000000000000000000e+00 0.000000000000000000e+00 0.000000000000000000e+00 0.000000000000000000e+00
