-6.189367667527455596e-01
6.189367667527455596e-01
-6.483531484727460548e-01
6.483531484727460548e-01
-5.806037925350364670e-01
5.806037925350364670e-01
-7.297439203058044832e-01
7.297439203058044832e-01
-5.990578662161486490e-01
5.990578662161486490e-01
-5.946825891215917759e-01
5.946825891215917759e-01
-6.519429853569097544e-01
6.519429853569097544e-01
-6.947081823025880176e-01
6.947081823025880176e-01
-5.828235937302053138e-01
5.828235937302053138e-01
-5.521823991810558274e-01
5.521823991810558274e-01
-5.736520129442814753e-01
5.736520129442814753e-01
-4.959843014258373817e-01
4.959843014258373817e-01
-4.944315423753561367e-01
4.944315423753561367e-01
-4.061670322357413543e-01
4.061670322357413543e-01
-4.648312061461511990e-01
4.648312061461511990e-01
-5.916972353976978072e-01
5.916972353976978072e-01
-5.028557297589425490e-01
5.028557297589425490e-01
-4.090995406673386126e-01
4.090995406673386126e-01
-4.149071857796731155e-01
4.149071857796731155e-01
-4.642750232304780345e-01
4.642750232304780345e-01
-5.312847715814872362e-01
5.312847715814872362e-01
-4.517695696294523056e-01
4.517695696294523056e-01
-4.971131146243922827e-01
4.971131146243922827e-01
-6.048104424234159726e-01
6.048104424234159726e-01
-5.040205342864580995e-01
5.040205342864580995e-01
-3.761451249919105511e-01
3.761451249919105511e-01
-5.845069194364684861e-01
5.845069194364684861e-01
-3.799277966390907091e-01
3.799277966390907091e-01
-4.533113091279157292e-01
4.533113091279157292e-01
-4.834915866589427069e-01
4.834915866589427069e-01
-5.473142250432594391e-01
5.473142250432594391e-01
-4.986001812788422582e-01
4.986001812788422582e-01
-3.823542788113378776e-01
3.823542788113378776e-01
-5.111985452375653605e-01
5.111985452375653605e-01
-5.455596437535757959e-01
5.455596437535757959e-01
-3.560365878883198221e-01
3.560365878883198221e-01
-4.217367802633188445e-01
4.217367802633188445e-01
-4.788952017200726607e-01
4.788952017200726607e-01
-4.873746431377788957e-01
4.873746431377788957e-01
-3.941014915968378829e-01
3.941014915968378829e-01
-4.504324660091511556e-01
4.504324660091511556e-01
-4.763785621136706339e-01
4.763785621136706339e-01
-4.019207968212196169e-01
4.019207968212196169e-01
-4.100453793036111794e-01
4.100453793036111794e-01
-4.978955050190142506e-01
4.978955050190142506e-01
-4.480286265063446183e-01
4.480286265063446183e-01
-4.229572878778742884e-01
4.229572878778742884e-01
-5.224759760222076332e-01
5.224759760222076332e-01
-4.984656565247993498e-01
4.984656565247993498e-01
-4.633271587300448191e-01
4.633271587300448191e-01
-3.866855607975328013e-01
3.866855607975328013e-01
-3.767791343676121230e-01
3.767791343676121230e-01
-4.659148708937513872e-01
4.659148708937513872e-01
-5.580903810154479450e-01
5.580903810154479450e-01
-4.411134397880075442e-01
4.411134397880075442e-01
-5.361457282394209711e-01
5.361457282394209711e-01
-4.577196321628719811e-01
4.577196321628719811e-01
-4.000345817211799493e-01
4.000345817211799493e-01
-5.623347775467136822e-01
5.623347775467136822e-01
-4.227610942416276663e-01
4.227610942416276663e-01
-4.526075917183367547e-01
4.526075917183367547e-01
-4.618197697441369654e-01
4.618197697441369654e-01
-5.076875946510893689e-01
5.076875946510893689e-01
-4.270715464732262601e-01
4.270715464732262601e-01
-4.841842630575363682e-01
4.841842630575363682e-01
-4.669225668686307062e-01
4.669225668686307062e-01
-4.484106476006584074e-01
4.484106476006584074e-01
-5.145921380180320526e-01
5.145921380180320526e-01
-5.834556364737623069e-01
5.834556364737623069e-01
-5.065055150439834453e-01
5.065055150439834453e-01
-5.300382655493997008e-01
5.300382655493997008e-01
-4.996591452360063523e-01
4.996591452360063523e-01
-6.321771321792811760e-01
6.321771321792811760e-01
-6.197372470846154169e-01
6.197372470846154169e-01
-6.188950189268923596e-01
6.188950189268923596e-01
-6.682119213646617872e-01
6.682119213646617872e-01
-7.324707873328926144e-01
7.324707873328926144e-01
-6.991164072331720325e-01
6.991164072331720325e-01
-7.039880094507875441e-01
7.039880094507875441e-01
-5.558248729383269415e-01
5.558248729383269415e-01
-7.019171387412005414e-01
7.019171387412005414e-01
-6.352221737794129242e-01
6.352221737794129242e-01
-5.997564947342655106e-01
5.997564947342655106e-01
