-5.717809959804928122e-01
5.717809959804928122e-01
-4.888646323973422358e-01
4.888646323973422358e-01
-4.628030294075916040e-01
4.628030294075916040e-01
-4.113923127796696999e-01
4.113923127796696999e-01
-4.595251308151745429e-01
4.595251308151745429e-01
-4.285111049008904494e-01
4.285111049008904494e-01
-5.893974582064865908e-01
5.893974582064865908e-01
-4.496664761419021383e-01
4.496664761419021383e-01
-2.781520127209064497e-01
2.781520127209064497e-01
-3.005306638568835953e-01
3.005306638568835953e-01
-2.721453602968275098e-01
2.721453602968275098e-01
-5.068702044625379433e-01
5.068702044625379433e-01
-3.646126735537075780e-01
3.646126735537075780e-01
-2.715206466625822435e-01
2.715206466625822435e-01
-2.684474714712650756e-01
2.684474714712650756e-01
-4.070332458125964226e-01
4.070332458125964226e-01
-2.879575425329280458e-01
2.879575425329280458e-01
-3.270072582706879394e-01
3.270072582706879394e-01
-4.183186929808707100e-01
4.183186929808707100e-01
-2.680940017746150650e-01
2.680940017746150650e-01
-4.695239671812452276e-01
4.695239671812452276e-01
-4.310311194963007408e-01
4.310311194963007408e-01
-3.060602434047795528e-01
3.060602434047795528e-01
-2.652783883684222688e-01
2.652783883684222688e-01
-2.807223209903335626e-01
2.807223209903335626e-01
-3.226811707797213047e-01
3.226811707797213047e-01
-3.824924762408905554e-01
3.824924762408905554e-01
-2.698192356871594866e-01
2.698192356871594866e-01
-2.824922032488339507e-01
2.824922032488339507e-01
-3.765733827696932101e-01
3.765733827696932101e-01
-2.806095909358548579e-01
2.806095909358548579e-01
-3.334353367411773683e-01
3.334353367411773683e-01
-2.849447644913867816e-01
2.849447644913867816e-01
-3.123786768518185264e-01
3.123786768518185264e-01
-3.453114842806546680e-01
3.453114842806546680e-01
-3.344469138307472611e-01
3.344469138307472611e-01
-2.303879329134612686e-01
2.303879329134612686e-01
-3.561505926046034110e-01
3.561505926046034110e-01
-2.926728106861080092e-01
2.926728106861080092e-01
-2.855298748642928763e-01
2.855298748642928763e-01
-3.514609510127792991e-01
3.514609510127792991e-01
-3.178320713484125148e-01
3.178320713484125148e-01
-2.409417980319034369e-01
2.409417980319034369e-01
-3.317548314693763434e-01
3.317548314693763434e-01
-4.598341481481224013e-01
4.598341481481224013e-01
-3.208485508725505420e-01
3.208485508725505420e-01
-2.984531122098137979e-01
2.984531122098137979e-01
-2.287740206195245374e-01
2.287740206195245374e-01
-3.936819616380742293e-01
3.936819616380742293e-01
-3.459058505535946293e-01
3.459058505535946293e-01
-2.782581635724202807e-01
2.782581635724202807e-01
-2.325345280212525179e-01
2.325345280212525179e-01
-2.409088883378870116e-01
2.409088883378870116e-01
-3.551354321715729512e-01
3.551354321715729512e-01
-3.522508407038225653e-01
3.522508407038225653e-01
-4.150855510799880688e-01
4.150855510799880688e-01
-2.859962455578779483e-01
2.859962455578779483e-01
-2.813384343875633964e-01
2.813384343875633964e-01
-3.004928878904371548e-01
3.004928878904371548e-01
-3.987044778624774244e-01
3.987044778624774244e-01
-2.082212171373457044e-01
2.082212171373457044e-01
-2.926114383281249731e-01
2.926114383281249731e-01
-3.614226410702737202e-01
3.614226410702737202e-01
-3.739425230020140267e-01
3.739425230020140267e-01
-2.766998190511433253e-01
2.766998190511433253e-01
-3.521777783912103943e-01
3.521777783912103943e-01
-2.639931093661372907e-01
2.639931093661372907e-01
-3.446957595067522973e-01
3.446957595067522973e-01
-4.295561160976747450e-01
4.295561160976747450e-01
-2.721881559388255600e-01
2.721881559388255600e-01
-2.627622622504076078e-01
2.627622622504076078e-01
-4.112057599195142465e-01
4.112057599195142465e-01
-5.113439865333883061e-01
5.113439865333883061e-01
-4.957681081903824172e-01
4.957681081903824172e-01
-4.655754026883170416e-01
4.655754026883170416e-01
-5.126165772474077231e-01
5.126165772474077231e-01
-4.939574638572434839e-01
4.939574638572434839e-01
-5.980414760786967321e-01
5.980414760786967321e-01
