-2.178231741086034956e-01
2.178231741086034956e-01
-1.769943335868575385e-01
1.769943335868575385e-01
-1.495821830026073107e-01
1.495821830026073107e-01
-1.354563993268778355e-01
1.354563993268778355e-01
-2.062862282771787403e-01
2.062862282771787403e-01
-2.407792972838104784e-01
2.407792972838104784e-01
-2.400275507953219534e-01
2.400275507953219534e-01
-1.794685352534080292e-01
1.794685352534080292e-01
-8.905073933099162675e-02
8.905073933099162675e-02
-4.776278724577828066e-02
4.776278724577828066e-02
-3.837665949151377459e-02
3.837665949151377459e-02
-5.679116629595864704e-03
5.679116629595864704e-03
-2.302235582534762487e-02
2.302235582534762487e-02
-7.392556995697630029e-02
7.392556995697630029e-02
-2.021916267500465381e-01
2.021916267500465381e-01
-2.174471553020577985e-01
2.174471553020577985e-01
-1.242159031376557227e-01
1.242159031376557227e-01
-4.580284950737258109e-02
4.580284950737258109e-02
-6.007727898051075377e-03
6.007727898051075377e-03
2.091104780185674972e-02
-2.091104780185674972e-02
3.252320768838334181e-02
-3.252320768838334181e-02
3.785504078304240128e-02
-3.785504078304240128e-02
1.666283223196490804e-02
-1.666283223196490804e-02
1.327397543589489085e-03
-1.327397543589489085e-03
-1.062433286970651120e-01
1.062433286970651120e-01
-2.329657462364684850e-01
2.329657462364684850e-01
-2.501694014515372100e-01
2.501694014515372100e-01
-1.353046562034928846e-01
1.353046562034928846e-01
-8.041837342913649156e-02
8.041837342913649156e-02
-3.005420951917224179e-02
3.005420951917224179e-02
-2.898260986542626483e-02
2.898260986542626483e-02
-1.729894267173799974e-02
1.729894267173799974e-02
-3.320885969771438656e-02
3.320885969771438656e-02
1.968205970768483956e-02
-1.968205970768483956e-02
1.560363395005625979e-02
-1.560363395005625979e-02
1.854177966672402103e-02
-1.854177966672402103e-02
-7.448907471258668644e-02
7.448907471258668644e-02
-1.686338463482944250e-01
1.686338463482944250e-01
-2.204761766913673759e-01
2.204761766913673759e-01
-7.632687386103084726e-02
7.632687386103084726e-02
-7.631229201527468808e-02
7.631229201527468808e-02
-5.091698978225990546e-02
5.091698978225990546e-02
-8.904249172897038545e-02
8.904249172897038545e-02
-1.206409892575788650e-01
1.206409892575788650e-01
-1.166654075759506609e-01
1.166654075759506609e-01
-8.448241916102583460e-02
8.448241916102583460e-02
-5.873710958285001393e-02
5.873710958285001393e-02
-3.692802460441994838e-02
3.692802460441994838e-02
-8.748126814194175094e-02
8.748126814194175094e-02
-1.826824566278646422e-01
1.826824566278646422e-01
-1.972791401758394736e-01
1.972791401758394736e-01
-1.153554086724286332e-01
1.153554086724286332e-01
-6.368925198555071276e-02
6.368925198555071276e-02
-1.169927877941879107e-01
1.169927877941879107e-01
-1.837043778304484620e-01
1.837043778304484620e-01
-1.599693389078295225e-01
1.599693389078295225e-01
-1.733496870865666450e-01
1.733496870865666450e-01
-1.449715639902055264e-01
1.449715639902055264e-01
-9.858877474499166960e-02
9.858877474499166960e-02
-6.725973835087319108e-02
6.725973835087319108e-02
-9.511733327615894129e-02
9.511733327615894129e-02
-2.154755176111913528e-01
2.154755176111913528e-01
-1.516270865156758019e-01
1.516270865156758019e-01
-7.655283931015124943e-02
7.655283931015124943e-02
-8.305156085940645916e-02
8.305156085940645916e-02
-1.406248456551731640e-01
1.406248456551731640e-01
-1.898826883218903416e-01
1.898826883218903416e-01
-1.965718813033281720e-01
1.965718813033281720e-01
-1.952806515075355132e-01
1.952806515075355132e-01
-1.573693118927174117e-01
1.573693118927174117e-01
-7.664636862303172982e-02
7.664636862303172982e-02
-9.000726476868255166e-02
9.000726476868255166e-02
-1.357291538030727107e-01
1.357291538030727107e-01
-2.375801265745742519e-01
2.375801265745742519e-01
-2.451108669704958332e-01
2.451108669704958332e-01
-1.599419585870720528e-01
1.599419585870720528e-01
-1.126584422079426745e-01
1.126584422079426745e-01
-1.167938464263381382e-01
1.167938464263381382e-01
-1.520281736397576522e-01
1.520281736397576522e-01
-1.917406165889828373e-01
1.917406165889828373e-01
-1.781489210806476708e-01
1.781489210806476708e-01
-1.139701027591617372e-01
1.139701027591617372e-01
-5.353004209246973316e-02
5.353004209246973316e-02
-3.279905768370862396e-02
3.279905768370862396e-02
-7.341280373166139683e-02
7.341280373166139683e-02
-1.581418457231268393e-01
1.581418457231268393e-01
-2.267059442060622709e-01
2.267059442060622709e-01
-1.419066157925215066e-01
1.419066157925215066e-01
-9.018518043856590949e-02
9.018518043856590949e-02
-1.418638914153576569e-01
1.418638914153576569e-01
-1.549502090194040671e-01
1.549502090194040671e-01
-1.535066636912840454e-01
1.535066636912840454e-01
-7.625033535902395188e-02
7.625033535902395188e-02
2.237645534979160189e-02
-2.237645534979160189e-02
2.895648455537694343e-02
-2.895648455537694343e-02
5.093985493744729309e-02
-5.093985493744729309e-02
-6.366840960523578730e-02
6.366840960523578730e-02
-1.939217494781474149e-01
1.939217494781474149e-01
-2.167398449146766826e-01
2.167398449146766826e-01
-1.318229336769367877e-01
1.318229336769367877e-01
-1.283808000736351429e-01
1.283808000736351429e-01
-1.730767956288478959e-01
1.730767956288478959e-01
-1.163616096065287348e-01
1.163616096065287348e-01
-5.777256523154576662e-02
5.777256523154576662e-02
3.023335168666703432e-02
-3.023335168666703432e-02
7.242523511354068133e-02
-7.242523511354068133e-02
6.659062171688025222e-02
-6.659062171688025222e-02
3.359774596640154737e-02
-3.359774596640154737e-02
-7.061313452270154278e-02
7.061313452270154278e-02
-1.887813425296270553e-01
1.887813425296270553e-01
-2.083488283799850571e-01
2.083488283799850571e-01
-1.824970103860624193e-01
1.824970103860624193e-01
-1.539004117202126265e-01
1.539004117202126265e-01
-1.341855690282534042e-01
1.341855690282534042e-01
-8.924170401288880616e-02
8.924170401288880616e-02
-7.277054569084743553e-03
7.277054569084743553e-03
6.223139781064581516e-02
-6.223139781064581516e-02
7.094454383572870726e-02
-7.094454383572870726e-02
2.024116992165243475e-02
-2.024116992165243475e-02
-1.625759070870011480e-02
1.625759070870011480e-02
-1.137755509930642867e-01
1.137755509930642867e-01
-2.134389969284944677e-01
2.134389969284944677e-01
-2.183939334047671488e-01
2.183939334047671488e-01
-1.788141291708262859e-01
1.788141291708262859e-01
-1.781371333481690800e-01
1.781371333481690800e-01
-1.520394516944467977e-01
1.520394516944467977e-01
-1.027698383832635898e-01
1.027698383832635898e-01
-3.867052703107427131e-02
3.867052703107427131e-02
1.630305179638251445e-02
-1.630305179638251445e-02
1.893546134913234175e-02
-1.893546134913234175e-02
-3.876116813321461851e-02
3.876116813321461851e-02
-5.619910293587544736e-02
5.619910293587544736e-02
-1.245331755908637983e-01
1.245331755908637983e-01
-2.241991370742581202e-01
2.241991370742581202e-01
-2.336952686682761127e-01
2.336952686682761127e-01
-2.171318899179450479e-01
2.171318899179450479e-01
-1.739988370468956991e-01
1.739988370468956991e-01
-1.590752250038121596e-01
1.590752250038121596e-01
-9.185557546990476274e-02
9.185557546990476274e-02
-3.771495772695836191e-02
3.771495772695836191e-02
-5.182752996279634677e-02
5.182752996279634677e-02
-5.754626165186905312e-02
5.754626165186905312e-02
-8.321632197820777455e-02
8.321632197820777455e-02
-1.126009020510704700e-01
1.126009020510704700e-01
-1.972576785225857443e-01
1.972576785225857443e-01
-2.102983044636872745e-01
2.102983044636872745e-01
-1.897882028058459625e-01
1.897882028058459625e-01
-1.733672452421614885e-01
1.733672452421614885e-01
-1.189730357808612832e-01
1.189730357808612832e-01
-9.668346219959163268e-02
9.668346219959163268e-02
-5.881115294190756432e-02
5.881115294190756432e-02
-6.530059612449512496e-02
6.530059612449512496e-02
-9.039097962429921973e-02
9.039097962429921973e-02
-1.249075589682179660e-01
1.249075589682179660e-01
-2.172208171042391278e-01
2.172208171042391278e-01
-1.917491660526250419e-01
1.917491660526250419e-01
-1.726737478824885985e-01
1.726737478824885985e-01
-1.748652149919780741e-01
1.748652149919780741e-01
-1.399810482247301757e-01
1.399810482247301757e-01
-9.287045851294328802e-02
9.287045851294328802e-02
-3.010436426627257148e-02
3.010436426627257148e-02
-2.337879736170192860e-02
2.337879736170192860e-02
-3.010250493424759810e-02
3.010250493424759810e-02
-9.485400375850587540e-02
9.485400375850587540e-02
-1.396759569799557454e-01
1.396759569799557454e-01
-2.345023369502096666e-01
2.345023369502096666e-01
-2.114303241796406108e-01
2.114303241796406108e-01
-1.405776731152890147e-01
1.405776731152890147e-01
-1.256619107043024652e-01
1.256619107043024652e-01
-5.012958315183087959e-02
5.012958315183087959e-02
-5.578046787620061231e-02
5.578046787620061231e-02
9.187101638751535640e-03
-9.187101638751535640e-03
3.848690761913894920e-02
-3.848690761913894920e-02
-4.849039153718352584e-03
4.849039153718352584e-03
-3.124077537794641216e-02
3.124077537794641216e-02
-8.128804558681755610e-02
8.128804558681755610e-02
-1.450610986432410154e-01
1.450610986432410154e-01
-1.906135625238341291e-01
1.906135625238341291e-01
-9.911158375343785687e-02
9.911158375343785687e-02
-6.238415095107445463e-02
6.238415095107445463e-02
-1.645403280314265693e-02
1.645403280314265693e-02
2.792935749657771485e-02
-2.792935749657771485e-02
8.208623320524852107e-02
-8.208623320524852107e-02
7.450803614846403244e-02
-7.450803614846403244e-02
5.109707207255258926e-02
-5.109707207255258926e-02
-3.385645280845106520e-02
3.385645280845106520e-02
-1.067477439532877187e-01
1.067477439532877187e-01
-2.481227333388931755e-01
2.481227333388931755e-01
-2.466545497029335454e-01
2.466545497029335454e-01
-1.484355260754309791e-01
1.484355260754309791e-01
-4.889066820790369944e-02
4.889066820790369944e-02
-1.231951834598349858e-02
1.231951834598349858e-02
8.209046641418582535e-03
-8.209046641418582535e-03
1.805202903417280763e-03
-1.805202903417280763e-03
-1.426527642294914133e-02
1.426527642294914133e-02
-4.268239747257057681e-02
4.268239747257057681e-02
-1.288405371179456860e-01
1.288405371179456860e-01
-2.488290439539885546e-01
2.488290439539885546e-01
-2.036641543421802147e-01
2.036641543421802147e-01
-1.222283650534897043e-01
1.222283650534897043e-01
-1.259153132219621996e-01
1.259153132219621996e-01
-1.406237002007444392e-01
1.406237002007444392e-01
-1.603636323189613078e-01
1.603636323189613078e-01
-2.070378188295322885e-01
2.070378188295322885e-01
