-5.088079628962705048e-01
5.088079628962705048e-01
-5.088079692025391232e-01
5.088079692025391232e-01
-5.088079680486188305e-01
5.088079680486188305e-01
-5.088079781288957770e-01
5.088079781288957770e-01
-5.088079629402761928e-01
5.088079629402761928e-01
-5.088079696273692942e-01
5.088079696273692942e-01
-5.088079823624743758e-01
5.088079823624743758e-01
-5.088079669749585587e-01
5.088079669749585587e-01
-5.088079579222679616e-01
5.088079579222679616e-01
-5.088079774424466573e-01
5.088079774424466573e-01
-5.088079573101138564e-01
5.088079573101138564e-01
-5.088079635899527275e-01
5.088079635899527275e-01
-5.088079700747691891e-01
5.088079700747691891e-01
-5.088079676268659757e-01
5.088079676268659757e-01
-5.088079800523784835e-01
5.088079800523784835e-01
-5.088079626991208748e-01
5.088079626991208748e-01
-5.088079666275204804e-01
5.088079666275204804e-01
-5.088079703046888280e-01
5.088079703046888280e-01
-5.088079701654359965e-01
5.088079701654359965e-01
-5.088079731714214571e-01
5.088079731714214571e-01
-5.088079881412272965e-01
5.088079881412272965e-01
-5.088079589014204984e-01
5.088079589014204984e-01
-5.088079725347174342e-01
5.088079725347174342e-01
-5.088079649152985606e-01
5.088079649152985606e-01
-5.088079690310658432e-01
5.088079690310658432e-01
-5.088079926762358873e-01
5.088079926762358873e-01
-5.088079570829033837e-01
5.088079570829033837e-01
-5.088079637702795921e-01
5.088079637702795921e-01
-5.088079524985851254e-01
5.088079524985851254e-01
-5.088079762069471768e-01
5.088079762069471768e-01
-5.088079795308803055e-01
5.088079795308803055e-01
-5.088079722151845896e-01
5.088079722151845896e-01
-5.088079563385443649e-01
5.088079563385443649e-01
-5.088079706962149729e-01
5.088079706962149729e-01
-5.088079638389317871e-01
5.088079638389317871e-01
-5.088079660472446530e-01
5.088079660472446530e-01
-5.088079625213561830e-01
5.088079625213561830e-01
-5.088079598954029503e-01
5.088079598954029503e-01
-5.088079807396858056e-01
5.088079807396858056e-01
-5.088079645475920287e-01
5.088079645475920287e-01
-5.088079572447679055e-01
5.088079572447679055e-01
-5.001585558993489888e-01
5.001585558993489888e-01
-5.001585441314860825e-01
5.001585441314860825e-01
-5.007294742331092063e-01
5.007294742331092063e-01
-5.088079708237074339e-01
5.088079708237074339e-01
-5.088079606893725071e-01
5.088079606893725071e-01
-5.003481505874298740e-01
5.003481505874298740e-01
-5.088079584319498139e-01
5.088079584319498139e-01
-5.088079745260800646e-01
5.088079745260800646e-01
-5.088079742044704368e-01
5.088079742044704368e-01
-5.088079726383769597e-01
5.088079726383769597e-01
-5.088079610034603739e-01
5.088079610034603739e-01
-5.088079748464818808e-01
5.088079748464818808e-01
-5.088079774777326536e-01
5.088079774777326536e-01
-5.088079743821529721e-01
5.088079743821529721e-01
-5.088079776671082799e-01
5.088079776671082799e-01
-5.088079689804854144e-01
5.088079689804854144e-01
-5.088079876945328373e-01
5.088079876945328373e-01
-5.088079660690383310e-01
5.088079660690383310e-01
-5.088079628706012603e-01
5.088079628706012603e-01
-5.088079683401596220e-01
5.088079683401596220e-01
-5.088079666105242982e-01
5.088079666105242982e-01
-5.088079698206795509e-01
5.088079698206795509e-01
-5.088079569534293967e-01
5.088079569534293967e-01
-5.088079733528556581e-01
5.088079733528556581e-01
-5.005124724495354505e-01
5.005124724495354505e-01
-5.088079643578189426e-01
5.088079643578189426e-01
-5.001593784583826530e-01
5.001593784583826530e-01
-4.929874327216040020e-01
4.929874327216040020e-01
-4.889526650705008359e-01
4.889526650705008359e-01
-4.861081263418738363e-01
4.861081263418738363e-01
-4.868994072444324250e-01
4.868994072444324250e-01
-4.956296042928631795e-01
4.956296042928631795e-01
-4.932828022887146835e-01
4.932828022887146835e-01
-4.900854215756374477e-01
4.900854215756374477e-01
-4.940485441497214913e-01
4.940485441497214913e-01
-5.005157259951426019e-01
5.005157259951426019e-01
-5.088079706882295827e-01
5.088079706882295827e-01
-5.088079681405797139e-01
5.088079681405797139e-01
-5.088079726903682598e-01
5.088079726903682598e-01
-5.088079638356743928e-01
5.088079638356743928e-01
-5.088079619613430360e-01
5.088079619613430360e-01
-5.088079685186781553e-01
5.088079685186781553e-01
-5.088079662478348641e-01
5.088079662478348641e-01
-5.088079673387813084e-01
5.088079673387813084e-01
-5.088079647937822081e-01
5.088079647937822081e-01
-5.088079719494322806e-01
5.088079719494322806e-01
-5.088079672081244897e-01
5.088079672081244897e-01
-5.088079618551000216e-01
5.088079618551000216e-01
-5.088079544325243564e-01
5.088079544325243564e-01
-5.088079763248106735e-01
5.088079763248106735e-01
-4.999016607568102510e-01
4.999016607568102510e-01
-4.883862526507938839e-01
4.883862526507938839e-01
-4.833625214597295217e-01
4.833625214597295217e-01
-4.860985048239123696e-01
4.860985048239123696e-01
-4.783724680741272550e-01
4.783724680741272550e-01
-4.619314325925464315e-01
4.619314325925464315e-01
-4.672226339545253460e-01
4.672226339545253460e-01
-4.645198799002475121e-01
4.645198799002475121e-01
-4.757444167678747116e-01
4.757444167678747116e-01
-4.805795982522830245e-01
4.805795982522830245e-01
-4.871703970511230275e-01
4.871703970511230275e-01
-4.935679336957299324e-01
4.935679336957299324e-01
-4.964232665075105633e-01
4.964232665075105633e-01
-5.000325747268512533e-01
5.000325747268512533e-01
-5.088079681472943427e-01
5.088079681472943427e-01
-5.088079807558324452e-01
5.088079807558324452e-01
-5.088079546169073097e-01
5.088079546169073097e-01
-5.088079595494723328e-01
5.088079595494723328e-01
-5.088079690449029968e-01
5.088079690449029968e-01
-5.088079664846902883e-01
5.088079664846902883e-01
-5.088079569523920043e-01
5.088079569523920043e-01
-5.088079593065597539e-01
5.088079593065597539e-01
-5.088079621009435893e-01
5.088079621009435893e-01
-4.999675349997258489e-01
4.999675349997258489e-01
-4.935567605807850700e-01
4.935567605807850700e-01
-4.805035170389450050e-01
4.805035170389450050e-01
-4.723445474953649192e-01
4.723445474953649192e-01
-4.676718473095135553e-01
4.676718473095135553e-01
-4.811662942949254673e-01
4.811662942949254673e-01
-4.918347538736560498e-01
4.918347538736560498e-01
-4.946734744422537355e-01
4.946734744422537355e-01
-5.088079653132000502e-01
5.088079653132000502e-01
-5.088079643509322292e-01
5.088079643509322292e-01
-5.088079745341187454e-01
5.088079745341187454e-01
-5.088079763688010404e-01
5.088079763688010404e-01
-5.088079610735083413e-01
5.088079610735083413e-01
-5.088079620969361283e-01
5.088079620969361283e-01
-5.088079661887336957e-01
5.088079661887336957e-01
-5.088079612392082396e-01
5.088079612392082396e-01
-4.965958342903699640e-01
4.965958342903699640e-01
-4.903381613097972380e-01
4.903381613097972380e-01
-4.742845951898555512e-01
4.742845951898555512e-01
-4.710824557089537956e-01
4.710824557089537956e-01
-4.863611891452637170e-01
4.863611891452637170e-01
-5.004758047960266021e-01
5.004758047960266021e-01
-5.088079722323322063e-01
5.088079722323322063e-01
-5.088079641739295944e-01
5.088079641739295944e-01
-5.088079636881184253e-01
5.088079636881184253e-01
-5.088079751587905042e-01
5.088079751587905042e-01
-5.088079621101166961e-01
5.088079621101166961e-01
-5.088079687012443397e-01
5.088079687012443397e-01
-4.997983063305761475e-01
4.997983063305761475e-01
-4.902310735102438644e-01
4.902310735102438644e-01
-4.733711199705881723e-01
4.733711199705881723e-01
-4.831312687124093008e-01
4.831312687124093008e-01
-4.910640880575325995e-01
4.910640880575325995e-01
-4.994831792120893454e-01
4.994831792120893454e-01
-5.088079608310076551e-01
5.088079608310076551e-01
-5.088079854510344502e-01
5.088079854510344502e-01
-5.088079652543466835e-01
5.088079652543466835e-01
-5.088079805296082947e-01
5.088079805296082947e-01
-5.088079695002576397e-01
5.088079695002576397e-01
-4.949400858711176521e-01
4.949400858711176521e-01
-4.766845912969068233e-01
4.766845912969068233e-01
-4.735507980260855732e-01
4.735507980260855732e-01
-4.905371036790734385e-01
4.905371036790734385e-01
-4.994831732129787483e-01
4.994831732129787483e-01
-5.088079665203593116e-01
5.088079665203593116e-01
-5.088079644416572123e-01
5.088079644416572123e-01
-5.088079734037278534e-01
5.088079734037278534e-01
-4.994697326098270218e-01
4.994697326098270218e-01
-4.965102779350261675e-01
4.965102779350261675e-01
-4.861035960068875172e-01
4.861035960068875172e-01
-4.739045887686025305e-01
4.739045887686025305e-01
-4.727382661921133988e-01
4.727382661921133988e-01
-4.918473512906995082e-01
4.918473512906995082e-01
-4.951265783622089689e-01
4.951265783622089689e-01
-5.088079727676626529e-01
5.088079727676626529e-01
-5.088079766236440760e-01
5.088079766236440760e-01
-5.088079639828892997e-01
5.088079639828892997e-01
-4.994697291772521308e-01
4.994697291772521308e-01
-4.965102753258746060e-01
4.965102753258746060e-01
-4.772703250065126745e-01
4.772703250065126745e-01
-4.622990351259703701e-01
4.622990351259703701e-01
-4.757511101445257018e-01
4.757511101445257018e-01
-4.898799398681999984e-01
4.898799398681999984e-01
-4.945426967201176360e-01
4.945426967201176360e-01
-5.088079745922016173e-01
5.088079745922016173e-01
-5.088079645478604807e-01
5.088079645478604807e-01
-5.088079596470214128e-01
5.088079596470214128e-01
-4.994697241421481859e-01
4.994697241421481859e-01
-4.953053029584155720e-01
4.953053029584155720e-01
-4.837028704533574697e-01
4.837028704533574697e-01
-4.667094102052535831e-01
4.667094102052535831e-01
-4.728088009487747545e-01
4.728088009487747545e-01
-4.911984956185553863e-01
4.911984956185553863e-01
-5.002511805774592091e-01
5.002511805774592091e-01
-5.088079693183749086e-01
5.088079693183749086e-01
-5.088079644666239076e-01
5.088079644666239076e-01
-5.088079704247845392e-01
5.088079704247845392e-01
-5.088079679761827734e-01
5.088079679761827734e-01
-4.953052888520326769e-01
4.953052888520326769e-01
-4.884119536814365281e-01
4.884119536814365281e-01
-4.577788772777576787e-01
4.577788772777576787e-01
-4.868545627033105117e-01
4.868545627033105117e-01
-5.088079636140445672e-01
5.088079636140445672e-01
-5.088079778588295854e-01
5.088079778588295854e-01
-5.088079615431220226e-01
5.088079615431220226e-01
-5.088079752911983666e-01
5.088079752911983666e-01
-5.088079603881330293e-01
5.088079603881330293e-01
-5.088079776805406462e-01
5.088079776805406462e-01
-4.994975078678928759e-01
4.994975078678928759e-01
-4.880361355166347725e-01
4.880361355166347725e-01
-4.836035653233407006e-01
4.836035653233407006e-01
-5.088079639378755292e-01
5.088079639378755292e-01
-5.088079711193909116e-01
5.088079711193909116e-01
-5.088079679068704397e-01
5.088079679068704397e-01
-5.088079597041694768e-01
5.088079597041694768e-01
-5.088079543353607459e-01
5.088079543353607459e-01
-5.088079654895345527e-01
5.088079654895345527e-01
-4.994975248676875035e-01
4.994975248676875035e-01
-4.924720920352445019e-01
4.924720920352445019e-01
-4.586626048603361094e-01
4.586626048603361094e-01
-4.805940318009550571e-01
4.805940318009550571e-01
-4.999847968198354864e-01
4.999847968198354864e-01
-5.088079745225047024e-01
5.088079745225047024e-01
-5.088079680888626388e-01
5.088079680888626388e-01
-5.088079617558061152e-01
5.088079617558061152e-01
-5.088079678831392005e-01
5.088079678831392005e-01
-5.088079630822230914e-01
5.088079630822230914e-01
-5.088079765801202248e-01
5.088079765801202248e-01
-4.851735157505527862e-01
4.851735157505527862e-01
-4.788408043252740387e-01
4.788408043252740387e-01
-4.999847967107428626e-01
4.999847967107428626e-01
-5.088079692872831128e-01
5.088079692872831128e-01
-5.088079839862067466e-01
5.088079839862067466e-01
-5.088079683481632198e-01
5.088079683481632198e-01
-5.088079816104628117e-01
5.088079816104628117e-01
-5.088079696522760376e-01
5.088079696522760376e-01
-4.916291772669581506e-01
4.916291772669581506e-01
-4.836036077263717869e-01
4.836036077263717869e-01
-4.848436102997776276e-01
4.848436102997776276e-01
-4.999848015648158395e-01
4.999848015648158395e-01
-5.088079642007337089e-01
5.088079642007337089e-01
-5.088079701316801096e-01
5.088079701316801096e-01
-5.088079518825384673e-01
5.088079518825384673e-01
-5.088079581818738539e-01
5.088079581818738539e-01
-5.088079720227465241e-01
5.088079720227465241e-01
-4.940418552841197020e-01
4.940418552841197020e-01
-4.765490817548984626e-01
4.765490817548984626e-01
-4.834651361646790657e-01
4.834651361646790657e-01
-5.088079769226420135e-01
5.088079769226420135e-01
-5.002107609773835950e-01
5.002107609773835950e-01
-5.002107577878978084e-01
5.002107577878978084e-01
-5.088079715419500104e-01
5.088079715419500104e-01
-5.088079639765155093e-01
5.088079639765155093e-01
-5.088079650452013158e-01
5.088079650452013158e-01
-4.960414035491716445e-01
4.960414035491716445e-01
-4.693488723357673309e-01
4.693488723357673309e-01
-4.716811572575164702e-01
4.716811572575164702e-01
-4.935681778911776840e-01
4.935681778911776840e-01
-5.088079642188250151e-01
5.088079642188250151e-01
-5.088079750888928610e-01
5.088079750888928610e-01
-5.088079663954641063e-01
5.088079663954641063e-01
-5.088079730868009243e-01
5.088079730868009243e-01
-4.997549896821491533e-01
4.997549896821491533e-01
-4.962712741405090888e-01
4.962712741405090888e-01
-4.658668905759662526e-01
4.658668905759662526e-01
-4.800857805170005155e-01
4.800857805170005155e-01
-5.002562032214218357e-01
5.002562032214218357e-01
-5.088079635453284233e-01
5.088079635453284233e-01
-5.088079715192723729e-01
5.088079715192723729e-01
-5.088079691525120296e-01
5.088079691525120296e-01
-5.088079693751312860e-01
5.088079693751312860e-01
-4.997549973405753243e-01
4.997549973405753243e-01
-4.962712615477642975e-01
4.962712615477642975e-01
-4.613262251942907288e-01
4.613262251942907288e-01
-4.708757851527980431e-01
4.708757851527980431e-01
-4.827389316445819256e-01
4.827389316445819256e-01
-5.004856210415374873e-01
5.004856210415374873e-01
-5.088079760633014148e-01
5.088079760633014148e-01
-5.088079560243987665e-01
5.088079560243987665e-01
-5.088079625878791923e-01
5.088079625878791923e-01
-5.088079715746822718e-01
5.088079715746822718e-01
-5.088079582342530660e-01
5.088079582342530660e-01
-4.998357583227127088e-01
4.998357583227127088e-01
-4.668993942452318580e-01
4.668993942452318580e-01
-4.555997880986494275e-01
4.555997880986494275e-01
-4.820463165241818393e-01
4.820463165241818393e-01
-4.853173531367364624e-01
4.853173531367364624e-01
-5.088079742990607723e-01
5.088079742990607723e-01
-5.088079682380632907e-01
5.088079682380632907e-01
-5.088079716359792393e-01
5.088079716359792393e-01
-5.088079818186878045e-01
5.088079818186878045e-01
-5.088079672181633484e-01
5.088079672181633484e-01
-5.088079696613263536e-01
5.088079696613263536e-01
-4.998357570456855581e-01
4.998357570456855581e-01
-4.830672406572801836e-01
4.830672406572801836e-01
-4.697547303938010010e-01
4.697547303938010010e-01
-4.906311860834245420e-01
4.906311860834245420e-01
-4.932539840389777996e-01
4.932539840389777996e-01
-5.088079736312864920e-01
5.088079736312864920e-01
-5.030249863845320801e-01
5.030249863845320801e-01
-5.088079762916503102e-01
5.088079762916503102e-01
-5.088079765403820121e-01
5.088079765403820121e-01
-5.088079583155640240e-01
5.088079583155640240e-01
-5.088079587601399556e-01
5.088079587601399556e-01
-5.088079769958916421e-01
5.088079769958916421e-01
-4.919231213018104287e-01
4.919231213018104287e-01
-4.654548425542830992e-01
4.654548425542830992e-01
-4.757446621235505990e-01
4.757446621235505990e-01
-4.971033485849109534e-01
4.971033485849109534e-01
-5.001419733499421483e-01
5.001419733499421483e-01
-4.999152842439684163e-01
4.999152842439684163e-01
-5.088079744191034148e-01
5.088079744191034148e-01
-5.088079619365712958e-01
5.088079619365712958e-01
-5.088079690879474537e-01
5.088079690879474537e-01
-5.088079666145559621e-01
5.088079666145559621e-01
-5.088079714624995642e-01
5.088079714624995642e-01
-5.088079651371850698e-01
5.088079651371850698e-01
-5.088079673289771510e-01
5.088079673289771510e-01
-5.002125675388395809e-01
5.002125675388395809e-01
-4.957750515767909705e-01
4.957750515767909705e-01
-4.638509808001179402e-01
4.638509808001179402e-01
-4.654697168619671421e-01
4.654697168619671421e-01
-4.750519523394429178e-01
4.750519523394429178e-01
-4.827169004906228245e-01
4.827169004906228245e-01
-5.088079630271287179e-01
5.088079630271287179e-01
-4.995948099299398759e-01
4.995948099299398759e-01
-5.088079610793303509e-01
5.088079610793303509e-01
-5.088079641489642313e-01
5.088079641489642313e-01
-5.088079600053834195e-01
5.088079600053834195e-01
-5.088079563652485593e-01
5.088079563652485593e-01
-5.088079726934939817e-01
5.088079726934939817e-01
-5.088079640059666175e-01
5.088079640059666175e-01
-5.088079713485662570e-01
5.088079713485662570e-01
-5.088079812744717989e-01
5.088079812744717989e-01
-5.088079594972132469e-01
5.088079594972132469e-01
-4.952903917218058338e-01
4.952903917218058338e-01
-4.931754373615013787e-01
4.931754373615013787e-01
-4.791543585063540722e-01
4.791543585063540722e-01
-4.684603988446090495e-01
4.684603988446090495e-01
-4.800547464461496494e-01
4.800547464461496494e-01
-4.855927872274231616e-01
4.855927872274231616e-01
-4.867273559381663506e-01
4.867273559381663506e-01
-4.995948108598010640e-01
4.995948108598010640e-01
-5.088079694341220982e-01
5.088079694341220982e-01
-5.088079621933723207e-01
5.088079621933723207e-01
-5.088079630133466313e-01
5.088079630133466313e-01
-5.088079691634801449e-01
5.088079691634801449e-01
-5.088079593176437765e-01
5.088079593176437765e-01
-5.088079798497354700e-01
5.088079798497354700e-01
-5.088079581015516606e-01
5.088079581015516606e-01
-5.088079710283039958e-01
5.088079710283039958e-01
-5.088079629505011248e-01
5.088079629505011248e-01
-5.088079662324627161e-01
5.088079662324627161e-01
-4.973234345598280259e-01
4.973234345598280259e-01
-4.900847337314990226e-01
4.900847337314990226e-01
-4.887329591062468670e-01
4.887329591062468670e-01
-4.800924794635247350e-01
4.800924794635247350e-01
-4.639328077838886788e-01
4.639328077838886788e-01
-4.684475701824669103e-01
4.684475701824669103e-01
-4.817658891160916390e-01
4.817658891160916390e-01
-4.939826612138644713e-01
4.939826612138644713e-01
-4.994976396791399598e-01
4.994976396791399598e-01
-4.970015149064594961e-01
4.970015149064594961e-01
-4.994976468128996538e-01
4.994976468128996538e-01
-5.088079791959815301e-01
5.088079791959815301e-01
-5.088079671967737916e-01
5.088079671967737916e-01
-5.088079711999791144e-01
5.088079711999791144e-01
-5.088079728507692856e-01
5.088079728507692856e-01
-5.088079631842548078e-01
5.088079631842548078e-01
-5.088079671571774654e-01
5.088079671571774654e-01
-5.088079774987096515e-01
5.088079774987096515e-01
-5.088079879237686898e-01
5.088079879237686898e-01
-5.088079667534897155e-01
5.088079667534897155e-01
-5.088079600016799375e-01
5.088079600016799375e-01
-5.088079743281843648e-01
5.088079743281843648e-01
-5.002147540491718170e-01
5.002147540491718170e-01
-5.002147445378255508e-01
5.002147445378255508e-01
-4.969217182670023769e-01
4.969217182670023769e-01
-4.860678258479308456e-01
4.860678258479308456e-01
-4.889504156354956277e-01
4.889504156354956277e-01
-4.895010006774414557e-01
4.895010006774414557e-01
-4.839301463812781257e-01
4.839301463812781257e-01
-4.832882856797817706e-01
4.832882856797817706e-01
-4.822661587536204442e-01
4.822661587536204442e-01
-4.833646832030601415e-01
4.833646832030601415e-01
-4.850462673683564319e-01
4.850462673683564319e-01
-4.949869928944421460e-01
4.949869928944421460e-01
-5.088079627535089244e-01
5.088079627535089244e-01
-5.001047818087972496e-01
5.001047818087972496e-01
-5.001047981481075988e-01
5.001047981481075988e-01
-4.994976355085202213e-01
4.994976355085202213e-01
-4.994976403590862812e-01
4.994976403590862812e-01
-4.994976294898501590e-01
4.994976294898501590e-01
-5.088079668765246311e-01
5.088079668765246311e-01
-5.088079647732832722e-01
5.088079647732832722e-01
-5.088079749924049322e-01
5.088079749924049322e-01
-5.088079640764195943e-01
5.088079640764195943e-01
-5.088079670898604245e-01
5.088079670898604245e-01
-5.088079642558469562e-01
5.088079642558469562e-01
-5.088079676774535098e-01
5.088079676774535098e-01
-5.088079609045652596e-01
5.088079609045652596e-01
-5.088079585841822627e-01
5.088079585841822627e-01
-5.088079640437173090e-01
5.088079640437173090e-01
-5.088079649531531690e-01
5.088079649531531690e-01
-5.088079696496272675e-01
5.088079696496272675e-01
-5.088079617544707389e-01
5.088079617544707389e-01
-5.088079634161899456e-01
5.088079634161899456e-01
-5.088079731118295701e-01
5.088079731118295701e-01
-5.088079690275308931e-01
5.088079690275308931e-01
-5.001369399043571473e-01
5.001369399043571473e-01
-4.967509903082995004e-01
4.967509903082995004e-01
-5.000160504539969963e-01
5.000160504539969963e-01
-5.088079760933733597e-01
5.088079760933733597e-01
-4.994697291591695953e-01
4.994697291591695953e-01
-4.994697369088464400e-01
4.994697369088464400e-01
-5.088079648168282176e-01
5.088079648168282176e-01
-5.088079702820997863e-01
5.088079702820997863e-01
-5.088079634429014675e-01
5.088079634429014675e-01
-5.088079663632283367e-01
5.088079663632283367e-01
-5.088079712134812027e-01
5.088079712134812027e-01
-5.088079635637092757e-01
5.088079635637092757e-01
-5.088079589322380691e-01
5.088079589322380691e-01
-5.088079767118055541e-01
5.088079767118055541e-01
-5.088079636670568284e-01
5.088079636670568284e-01
-5.088079681565382817e-01
5.088079681565382817e-01
