-1.311080000000000023e-01
-1.313419999999999865e-01
6.784500000000000253e-02
-9.620999999999999344e-03
3.033299999999999885e-02
7.855399999999999883e-02
9.355399999999999827e-02
7.760300000000000531e-02
5.527200000000000168e-02
-1.471399999999999965e-02
-3.987899999999999778e-02
1.566180000000000072e-01
6.812500000000000500e-02
6.065299999999999858e-02
7.918400000000000438e-02
1.069640000000000035e-01
-4.074400000000000244e-02
-7.790300000000000002e-02
3.398299999999999932e-02
2.746390000000000220e-01
-3.029000000000000008e-03
2.665199999999999791e-01
-1.240249999999999964e-01
1.321430000000000105e-01
-1.156429999999999958e-01
-1.862939999999999874e-01
1.070289999999999991e-01
5.506799999999999889e-02
1.434219999999999939e-01
6.706299999999999761e-02
-8.940000000000000464e-04
-2.272400000000000114e-02
1.078449999999999964e-01
-7.171299999999999897e-02
8.121799999999999853e-02
-3.384100000000000302e-02
7.188500000000000445e-02
-4.130700000000000344e-02
-8.262000000000000247e-03
4.278900000000000065e-02
2.644050000000000011e-01
2.670359999999999956e-01
2.020879999999999899e-01
-7.139099999999999613e-02
7.652599999999999680e-02
-1.258660000000000057e-01
-1.412569999999999937e-01
7.859800000000000120e-02
3.343600000000000044e-02
1.011969999999999953e-01
1.117709999999999954e-01
2.433599999999999999e-02
2.009800000000000128e-02
1.520160000000000122e-01
8.717000000000000789e-03
5.744799999999999907e-02
-7.136900000000000188e-02
2.681400000000000103e-02
5.334000000000000200e-03
3.004199999999999926e-02
4.080999999999999905e-02
4.947210000000000218e-01
1.005970000000000059e-01
3.186269999999999936e-01
-1.046030000000000015e-01
1.880060000000000064e-01
-8.106900000000000217e-02
-1.115040000000000059e-01
9.858100000000000196e-02
4.728399999999999964e-02
9.324499999999999456e-02
1.131909999999999999e-01
-1.177010000000000001e-01
9.720700000000000174e-02
1.357119999999999993e-01
-8.942000000000000295e-03
1.680860000000000132e-01
-7.967699999999999783e-02
1.006600000000000029e-02
-8.154100000000000237e-02
1.421299999999999994e-02
4.766299999999999704e-02
4.853020000000000111e-01
1.187980000000000008e-01
3.263190000000000257e-01
-9.154700000000000337e-02
2.226650000000000018e-01
-2.737699999999999856e-02
-1.298509999999999942e-01
2.951280000000000014e-01
1.065529999999999949e-01
7.797999999999999376e-02
1.168700000000000017e-01
-1.465999999999999942e-02
4.809000000000000080e-02
1.455579999999999929e-01
-4.129700000000000037e-02
9.244499999999999940e-02
1.349500000000000005e-02
-1.357669999999999988e-01
-3.374300000000000216e-02
9.225999999999999826e-03
-2.253900000000000001e-02
2.313510000000000011e-01
1.295010000000000050e-01
4.921159999999999979e-01
-1.416959999999999886e-01
3.353189999999999782e-01
-1.404499999999999915e-01
-6.806199999999999750e-02
1.473720000000000030e-01
1.176009999999999972e-01
6.734400000000000108e-02
1.658900000000000097e-01
-5.777100000000000291e-02
4.252700000000000230e-02
9.383700000000000374e-02
-1.611900000000000138e-02
3.673580000000000179e-01
-3.205999999999999822e-02
-8.899400000000000366e-02
9.442000000000000740e-03
-1.138899999999999982e-02
1.308880000000000043e-01
2.154379999999999906e-01
1.314839999999999898e-01
4.921710000000000251e-01
-1.048250000000000015e-01
2.414890000000000092e-01
-8.429999999999999993e-02
-1.175120000000000053e-01
-1.377399999999999979e-02
5.426600000000000174e-02
-1.708099999999999896e-02
1.863120000000000054e-01
-7.221299999999999941e-02
1.278310000000000002e-01
4.592209999999999903e-01
8.138800000000000201e-02
1.459320000000000062e-01
6.835600000000000009e-02
-5.284099999999999908e-02
1.439600000000000081e-02
9.733500000000000485e-02
1.448780000000000068e-01
4.800170000000000270e-01
4.139299999999999924e-02
4.731730000000000103e-01
-6.612800000000000622e-02
4.783569999999999767e-01
-2.279399999999999829e-02
-1.114959999999999979e-01
1.781490000000000018e-01
2.933999999999999976e-03
4.676999999999999907e-02
1.637170000000000014e-01
-1.298040000000000027e-01
7.674699999999999578e-02
9.064700000000000535e-02
8.535900000000000432e-02
4.736879999999999979e-01
-1.179150000000000059e-01
-2.704799999999999913e-02
-3.842000000000000276e-02
7.337100000000000566e-02
1.146169999999999967e-01
4.672330000000000094e-01
9.779799999999999605e-02
4.518300000000000094e-01
-3.129500000000000337e-02
1.484050000000000091e-01
-1.399330000000000018e-01
-1.055190000000000017e-01
2.875400000000000178e-01
8.375499999999999612e-02
9.539000000000000257e-02
1.051760000000000056e-01
-1.220129999999999965e-01
-6.960600000000000120e-02
1.275910000000000100e-01
7.356200000000000239e-02
1.606930000000000025e-01
-1.202700000000000019e-01
-1.486790000000000056e-01
3.467800000000000049e-02
-1.877600000000000102e-02
4.886200000000000265e-02
4.452439999999999731e-01
9.383700000000000374e-02
2.223719999999999863e-01
-1.212690000000000018e-01
2.080019999999999925e-01
-5.787199999999999983e-02
-8.809300000000000463e-02
1.960199999999999998e-01
-2.251200000000000076e-02
8.705899999999999750e-02
1.138190000000000035e-01
-5.728899999999999965e-02
6.260699999999999599e-02
1.763339999999999907e-01
-1.670200000000000157e-02
1.686779999999999946e-01
-3.306400000000000311e-02
-5.564800000000000302e-02
-5.289599999999999858e-02
2.259999999999999856e-02
3.590600000000000042e-02
2.996229999999999727e-01
3.424389999999999934e-01
-5.855699999999999794e-02
-7.988999999999999574e-03
4.761790000000000189e-01
8.074000000000000621e-02
3.771200000000000246e-02
6.807499999999999662e-02
-6.990999999999999819e-03
2.267480000000000051e-01
8.604999999999999802e-03
-5.152299999999999935e-02
-1.740990000000000038e-01
-3.738099999999999756e-02
1.325649999999999884e-01
1.608289999999999997e-01
-1.258999999999999920e-03
4.806099999999999955e-02
1.035600000000000062e-02
1.162999999999999971e-02
-7.238899999999999502e-02
1.987400000000000000e-01
1.922619999999999885e-01
4.534580000000000277e-01
8.104999999999999358e-03
4.608340000000000214e-01
-4.389999999999999914e-04
-1.160159999999999941e-01
-9.300100000000000033e-02
1.772549999999999959e-01
8.483699999999999575e-02
5.913500000000000006e-02
7.931000000000000549e-02
-1.322470000000000034e-01
1.308829999999999993e-01
1.221760000000000068e-01
8.008700000000000541e-02
1.077690000000000037e-01
-4.059900000000000314e-02
2.465099999999999930e-02
3.136900000000000105e-02
-1.296600000000000009e-02
2.280830000000000080e-01
-5.226999999999999702e-02
4.820940000000000225e-01
-7.951600000000000334e-02
4.722750000000000004e-01
-8.849200000000000121e-02
-1.586160000000000070e-01
2.189399999999999957e-01
3.073800000000000143e-02
1.713790000000000036e-01
1.380339999999999900e-01
-7.718800000000000661e-02
7.270400000000000473e-02
2.898990000000000178e-01
-4.136700000000000099e-02
1.294999999999999971e-02
-1.451400000000000086e-02
9.797500000000000653e-02
-4.938800000000000134e-02
-2.425000000000000072e-03
3.654999999999999829e-03
1.950270000000000059e-01
4.623669999999999725e-01
4.388639999999999763e-01
-1.196279999999999982e-01
1.732329999999999981e-01
1.166429999999999967e-01
-1.705900000000000125e-02
1.917109999999999925e-01
-3.285099999999999826e-02
9.293400000000000272e-02
-1.153160000000000018e-01
1.806000000000000097e-03
-1.240929999999999950e-01
1.104860000000000009e-01
1.519210000000000005e-01
2.366439999999999932e-01
3.780900000000000233e-02
-1.809860000000000080e-01
-2.689599999999999977e-02
-2.393999999999999861e-03
-4.945700000000000096e-02
2.482719999999999927e-01
2.202759999999999996e-01
3.634169999999999900e-01
-1.048609999999999959e-01
2.394689999999999874e-01
-7.079699999999999882e-02
-8.332199999999999329e-02
1.892240000000000033e-01
1.196700000000000021e-02
4.685000000000000275e-02
5.330599999999999922e-02
-8.524900000000000533e-02
3.300600000000000062e-02
1.860539999999999972e-01
4.164799999999999752e-02
2.736930000000000196e-01
-4.323199999999999960e-02
-2.236600000000000046e-02
-5.651300000000000073e-02
4.427600000000000285e-02
1.763540000000000108e-01
1.999319999999999986e-01
2.486990000000000034e-01
2.083639999999999937e-01
-2.743100000000000052e-02
2.205689999999999873e-01
9.498600000000000099e-02
-1.198089999999999988e-01
9.825000000000000400e-02
1.363129999999999897e-01
1.112579999999999958e-01
1.504800000000000061e-02
-9.679200000000000303e-02
-1.510060000000000013e-01
6.575499999999999401e-02
-2.195799999999999835e-02
4.473309999999999786e-01
-6.545700000000000129e-02
-6.941600000000000548e-02
3.690999999999999837e-03
1.099220000000000058e-01
1.642470000000000041e-01
1.396399999999999864e-01
1.338350000000000095e-01
-1.090409999999999990e-01
-1.572799999999999893e-02
2.254120000000000013e-01
2.763999999999999964e-03
-2.103460000000000052e-01
1.444330000000000058e-01
-7.633199999999999708e-02
4.456999999999999851e-02
4.220100000000000240e-02
-8.019999999999999352e-02
5.701099999999999918e-02
1.225470000000000032e-01
4.046500000000000097e-02
1.682799999999999921e-02
3.649999999999999816e-04
1.333100000000000084e-02
-6.650000000000000095e-04
2.546100000000000099e-02
1.040080000000000032e-01
4.456300000000000261e-01
3.009140000000000148e-01
-2.179039999999999866e-01
1.062800000000000029e-02
4.384509999999999796e-01
-7.195500000000000507e-02
-1.148229999999999945e-01
4.741630000000000011e-01
6.544600000000000417e-02
1.626519999999999910e-01
8.333599999999999342e-02
-1.320689999999999920e-01
2.753600000000000145e-02
2.666709999999999914e-01
-5.084000000000000324e-02
7.700200000000000100e-02
-1.387799999999999971e-02
-3.121000000000000076e-03
-6.023400000000000282e-02
1.187909999999999938e-01
2.427509999999999946e-01
4.943930000000000269e-01
4.871610000000000107e-01
-1.832799999999999985e-01
-2.500199999999999992e-02
2.504270000000000107e-01
-1.271680000000000033e-01
-1.271380000000000010e-01
9.713600000000000012e-02
4.702900000000000136e-02
5.655999999999999917e-02
1.590429999999999899e-01
-4.826899999999999941e-02
8.829599999999999949e-02
1.694579999999999975e-01
-1.298299999999999975e-02
9.817099999999999438e-02
3.575500000000000206e-02
1.164049999999999946e-01
2.654999999999999808e-03
1.188130000000000019e-01
8.629199999999999371e-02
3.418700000000000072e-01
1.411050000000000082e-01
-1.423719999999999986e-01
-7.669099999999999528e-02
1.772670000000000079e-01
8.228800000000000003e-02
5.177500000000000158e-02
-1.793160000000000032e-01
4.842699999999999783e-02
9.484199999999999575e-02
4.800000000000000122e-04
1.558859999999999968e-01
-6.747999999999999832e-02
1.297790000000000055e-01
1.179859999999999937e-01
1.914869999999999906e-01
1.505090000000000039e-01
1.290600000000000080e-02
8.673999999999999419e-03
-8.443299999999999417e-02
8.563700000000000478e-02
1.915290000000000048e-01
-1.168539999999999995e-01
-2.787399999999999947e-02
-5.389499999999999846e-02
2.659349999999999770e-01
6.747499999999999332e-02
-1.721630000000000105e-01
2.530189999999999939e-01
1.059709999999999958e-01
9.807799999999999851e-02
7.803100000000000314e-02
-6.779300000000000603e-02
-5.833999999999999776e-03
1.449449999999999905e-01
4.914099999999999718e-02
2.225209999999999966e-01
1.022200000000000018e-02
-8.497100000000000486e-02
5.582800000000000262e-02
-5.679300000000000320e-02
3.937999999999999660e-03
2.985129999999999728e-01
1.527860000000000051e-01
4.447150000000000269e-01
-2.252589999999999870e-01
2.069850000000000023e-01
-6.724399999999999822e-02
-1.757180000000000131e-01
5.038900000000000323e-02
1.167969999999999980e-01
9.082199999999999995e-02
3.833000000000000036e-03
1.649509999999999865e-01
-5.148999999999999931e-03
5.628500000000000170e-02
6.183600000000000207e-02
3.640979999999999772e-01
1.414640000000000064e-01
5.891699999999999715e-02
-4.421900000000000136e-02
4.855899999999999800e-02
9.263999999999999665e-03
1.348799999999999999e-01
-4.539599999999999885e-02
2.810289999999999733e-01
-1.008649999999999963e-01
1.950649999999999884e-01
5.654200000000000198e-02
-5.959899999999999920e-02
2.934780000000000166e-01
8.710099999999999787e-02
9.346400000000000541e-02
1.136140000000000067e-01
-5.794799999999999951e-02
-6.707000000000000461e-02
1.317389999999999950e-01
-4.531299999999999911e-02
-9.290199999999999847e-02
1.344099999999999982e-02
-1.412549999999999917e-01
2.030600000000000113e-02
9.297999999999999321e-02
1.145440000000000069e-01
4.438340000000000063e-01
8.978400000000000269e-02
-1.068179999999999963e-01
-1.011689999999999950e-01
1.230789999999999940e-01
-9.104199999999999793e-02
-1.016770000000000035e-01
1.873319999999999985e-01
-1.322500000000000064e-02
1.336040000000000005e-01
9.819700000000000650e-02
-9.866400000000000170e-02
1.346799999999999942e-01
1.160560000000000064e-01
-3.176799999999999763e-02
1.526740000000000042e-01
-2.193799999999999917e-02
-5.867100000000000093e-02
2.665000000000000008e-02
2.920400000000000079e-02
7.626099999999999546e-02
3.441910000000000247e-01
1.308290000000000008e-01
