-2.839329999999999909e-01
-1.181289999999999979e-01
2.317539999999999878e-01
1.004000000000000031e-02
8.899999999999999491e-05
1.799679999999999891e-01
2.781600000000000045e-02
1.466059999999999863e-01
6.363699999999999912e-02
7.191100000000000270e-02
9.022000000000000505e-03
5.247979999999999867e-01
7.325199999999999767e-02
-1.369879999999999987e-01
6.094200000000000311e-02
6.114900000000000196e-02
3.906099999999999850e-02
-4.694099999999999662e-02
2.149500000000000022e-02
2.302810000000000135e-01
1.766129999999999922e-01
-1.554429999999999978e-01
-6.876500000000000667e-02
2.478470000000000117e-01
-5.613400000000000334e-02
-9.291900000000000159e-02
1.101479999999999959e-01
8.581300000000000039e-02
1.857689999999999897e-01
1.227720000000000061e-01
-2.066999999999999827e-03
-1.252870000000000095e-01
1.322530000000000094e-01
3.140600000000000336e-02
1.208859999999999935e-01
8.100300000000000555e-02
-1.871999999999999966e-03
-1.015410000000000063e-01
1.759399999999999853e-02
8.325399999999999467e-02
2.218080000000000052e-01
1.482189999999999896e-01
5.264879999999999560e-01
-2.516099999999999934e-02
1.098819999999999936e-01
2.541010000000000213e-01
1.583239999999999925e-01
3.214000000000000190e-02
1.744469999999999910e-01
-8.588999999999999413e-03
-1.320300000000000085e-01
1.753959999999999964e-01
-2.989910000000000068e-01
2.785699999999999982e-02
2.058099999999999929e-01
1.790339999999999987e-01
8.426400000000000556e-02
1.484699999999999909e-01
8.516999999999999571e-02
1.329210000000000114e-01
-1.810499999999999957e-02
5.939400000000000235e-02
1.848899999999999849e-02
4.907009999999999983e-01
-3.672700000000000270e-02
1.588970000000000105e-01
6.185500000000000026e-02
-2.022130000000000039e-01
1.742589999999999972e-01
5.176000000000000045e-02
1.683699999999999919e-01
1.304869999999999919e-01
-6.594700000000000562e-02
1.493899999999999915e-02
3.165479999999999960e-01
1.001760000000000012e-01
1.824999999999999956e-01
-1.203860000000000069e-01
-5.074100000000000138e-02
-1.407029999999999947e-01
-4.586999999999999932e-03
2.072900000000000090e-02
4.086239999999999872e-01
1.431240000000000012e-01
5.668100000000000360e-01
-4.847400000000000320e-02
4.502659999999999996e-01
2.308800000000000088e-02
-1.367029999999999912e-01
2.558090000000000086e-01
2.639040000000000274e-01
2.322249999999999870e-01
-1.059000000000000045e-03
-6.213099999999999873e-02
1.610810000000000020e-01
2.575350000000000139e-01
6.657200000000000617e-02
1.626009999999999955e-01
-1.954430000000000056e-01
1.699999999999999987e-05
4.172800000000000120e-02
-2.095999999999999946e-02
2.067400000000000140e-02
5.504120000000000124e-01
2.883450000000000180e-01
5.713740000000000485e-01
-2.290820000000000078e-01
2.396330000000000127e-01
8.231099999999999528e-02
-1.410349999999999937e-01
4.253219999999999779e-01
9.232000000000000622e-03
1.294389999999999985e-01
-6.222199999999999953e-02
-4.479000000000000342e-02
7.266200000000000436e-02
8.965700000000000058e-02
-7.629500000000000171e-02
5.519650000000000389e-01
3.557300000000000045e-02
1.138160000000000005e-01
-1.068550000000000055e-01
1.458220000000000072e-01
3.360099999999999892e-02
5.546809999999999796e-01
5.600829999999999975e-01
5.887000000000000011e-01
-1.002870000000000011e-01
3.844420000000000059e-01
5.457130000000000036e-01
2.872569999999999846e-01
-1.350820000000000076e-01
7.008300000000000640e-02
1.451189999999999980e-01
9.406599999999999684e-02
2.228910000000000058e-01
-2.486869999999999914e-01
-1.727400000000000047e-01
3.085399999999999948e-02
5.405720000000000525e-01
8.976699999999999957e-02
4.609800000000000009e-02
1.497099999999999993e-02
-1.052759999999999946e-01
4.295700000000000213e-02
2.802330000000000099e-01
1.811339999999999895e-01
5.841330000000000133e-01
-1.367700000000000027e-01
2.707490000000000174e-01
-8.033800000000000663e-02
-1.426290000000000058e-01
3.935170000000000057e-01
2.231329999999999980e-01
1.657450000000000034e-01
1.423619999999999886e-01
-1.030930000000000041e-01
1.029059999999999975e-01
1.550469999999999904e-01
-2.765499999999999903e-02
1.167369999999999935e-01
-1.568549999999999944e-01
-1.911799999999999958e-02
3.063400000000000151e-02
5.059099999999999708e-02
4.801300000000000012e-02
5.881110000000000504e-01
2.544069999999999943e-01
5.162200000000000122e-01
-1.102960000000000051e-01
3.153349999999999764e-01
1.185879999999999990e-01
-1.470690000000000053e-01
3.097539999999999738e-01
2.083000000000000216e-03
1.218329999999999969e-01
-1.272299999999999993e-02
-1.522540000000000004e-01
-8.596800000000000275e-02
2.312210000000000099e-01
1.350570000000000104e-01
4.435180000000000233e-01
1.324600000000000083e-02
-1.602040000000000131e-01
5.051300000000000234e-02
-3.665999999999999814e-02
-4.951099999999999945e-02
5.444940000000000335e-01
2.868140000000000134e-01
5.630819999999999714e-01
-5.444199999999999734e-02
1.998360000000000136e-01
3.911470000000000224e-01
1.200569999999999971e-01
-7.939999999999999836e-02
3.685689999999999800e-01
1.327270000000000116e-01
-7.081999999999999754e-03
1.812050000000000050e-01
-2.005270000000000108e-01
3.291990000000000194e-01
1.134259999999999990e-01
5.810619999999999674e-01
8.798699999999999577e-02
3.531139999999999834e-01
2.628000000000000128e-02
-6.414000000000000430e-03
-1.026600000000000013e-01
1.506750000000000034e-01
-1.975270000000000081e-01
5.608180000000000387e-01
-1.761820000000000053e-01
5.626179999999999515e-01
1.020199999999999926e-02
-9.980899999999999495e-02
5.425159999999999982e-01
9.759999999999999579e-03
1.610469999999999957e-01
1.154639999999999972e-01
-1.089709999999999984e-01
5.273200000000000109e-02
1.289790000000000103e-01
-1.017500000000000002e-02
3.993550000000000155e-01
-4.061200000000000226e-02
-7.801099999999999701e-02
1.309130000000000016e-01
1.238699999999999940e-01
3.726499999999999951e-02
5.798780000000000046e-01
3.312809999999999921e-01
5.757630000000000248e-01
-1.500910000000000022e-01
3.827300000000000146e-01
3.135500000000000093e-02
-1.750019999999999909e-01
4.328200000000000103e-02
5.684949999999999726e-01
2.599609999999999976e-01
7.453700000000000603e-02
-5.634200000000000319e-02
1.710230000000000083e-01
3.357410000000000116e-01
1.398820000000000063e-01
2.030810000000000115e-01
-1.592979999999999952e-01
4.029800000000000049e-02
-6.757000000000000506e-02
1.066840000000000011e-01
1.063309999999999950e-01
4.049550000000000094e-01
9.226499999999999979e-02
5.870880000000000543e-01
-1.975069999999999881e-01
3.118609999999999993e-01
-1.085259999999999975e-01
-1.793839999999999879e-01
4.407429999999999959e-01
5.035400000000000292e-02
2.803950000000000053e-01
1.714720000000000133e-01
-4.329299999999999815e-02
1.145120000000000027e-01
3.134629999999999916e-01
-8.610299999999999898e-02
3.183710000000000151e-01
3.516199999999999881e-02
8.505999999999999672e-03
8.568800000000000028e-02
1.153460000000000041e-01
2.084719999999999906e-01
3.797749999999999737e-01
4.260519999999999863e-01
5.510119999999999463e-01
-1.992800000000000127e-02
2.063800000000000079e-01
3.083599999999999883e-02
5.426000000000000267e-03
1.546079999999999954e-01
1.432930000000000037e-01
2.562299999999999994e-02
2.398099999999999954e-01
-1.439840000000000009e-01
1.346920000000000062e-01
1.302460000000000007e-01
-1.045300000000000049e-02
5.723669999999999591e-01
2.642999999999999863e-02
-1.650520000000000043e-01
-3.293399999999999800e-02
4.872800000000000048e-02
1.261929999999999996e-01
-4.284600000000000214e-02
1.040470000000000006e-01
6.033739999999999659e-01
-7.236299999999999677e-02
1.951400000000000079e-01
5.444369999999999488e-01
5.787080000000000002e-01
-1.789699999999999971e-02
2.131629999999999914e-01
2.144119999999999915e-01
-1.102849999999999941e-01
2.066089999999999871e-01
-2.444910000000000139e-01
-5.850600000000000245e-02
1.546760000000000079e-01
5.317079999999999584e-01
2.823100000000000054e-01
-1.021190000000000014e-01
4.192499999999999699e-02
2.094669999999999865e-01
-1.969279999999999919e-01
2.029620000000000035e-01
-9.664000000000000715e-03
-1.663749999999999951e-01
6.050300000000000122e-02
3.530229999999999757e-01
-2.294849999999999945e-01
-1.024560000000000054e-01
8.877899999999999681e-02
1.051279999999999992e-01
9.126099999999999490e-02
1.640490000000000004e-01
1.086740000000000067e-01
8.127399999999999902e-02
1.909609999999999919e-01
-9.964199999999999446e-02
-9.230099999999999416e-02
9.653100000000000569e-02
2.248340000000000061e-01
-1.380750000000000033e-01
5.603500000000000147e-02
1.967629999999999935e-01
5.633340000000000014e-01
-3.277299999999999658e-02
-1.843319999999999959e-01
-9.949099999999999611e-02
3.689600000000000102e-01
1.639600000000000085e-02
-6.558799999999999353e-02
5.548830000000000151e-01
2.985600000000000059e-02
2.556889999999999996e-01
1.451000000000000068e-01
-1.988799999999999943e-02
1.296170000000000100e-01
2.976239999999999997e-01
7.072199999999999320e-02
-2.927390000000000270e-01
1.583000000000000032e-02
8.244200000000000139e-02
2.095199999999999840e-02
1.551180000000000059e-01
5.342199999999999727e-02
4.077970000000000206e-01
2.342950000000000033e-01
5.759189999999999587e-01
-9.627499999999999947e-02
3.236160000000000148e-01
4.377099999999999741e-02
-8.341200000000000003e-02
2.706790000000000029e-01
9.160400000000000487e-02
-1.634199999999999889e-02
1.013789999999999969e-01
-2.308719999999999939e-01
1.963439999999999908e-01
3.220120000000000204e-01
4.400699999999999751e-02
2.342579999999999940e-01
-6.877600000000000380e-02
-1.766349999999999865e-01
-1.892100000000000032e-02
-3.976000000000000367e-03
2.337039999999999951e-01
3.054720000000000213e-01
2.874539999999999873e-01
5.645040000000000058e-01
-4.867799999999999905e-02
3.685740000000000127e-01
-6.713299999999999823e-02
-1.979400000000000048e-01
4.566890000000000116e-01
5.921300000000000174e-02
1.512580000000000036e-01
3.140589999999999771e-01
-1.345999999999999974e-01
-2.141309999999999880e-01
2.527209999999999734e-01
-4.084600000000000036e-02
4.855940000000000256e-01
-2.189500000000000127e-02
-5.377400000000000235e-02
-1.356499999999999928e-01
8.558599999999999541e-02
2.524460000000000037e-01
4.147819999999999840e-01
2.396260000000000057e-01
2.593719999999999914e-01
1.534520000000000051e-01
5.366800000000000043e-02
5.700119999999999632e-01
2.518859999999999988e-01
3.674060000000000104e-01
1.168600000000000055e-01
2.864590000000000192e-01
-1.809409999999999907e-01
-2.504950000000000232e-01
-2.763799999999999937e-02
1.728840000000000099e-01
2.767260000000000275e-01
5.721720000000000139e-01
5.310439999999999605e-01
-1.416229999999999989e-01
-4.812199999999999811e-02
1.306080000000000019e-01
-9.181499999999999384e-02
5.594139999999999668e-01
6.569000000000000186e-03
