-2.339899999999999966e-02
-2.792439999999999922e-01
5.899900000000000283e-02
7.549999999999999767e-02
6.324299999999999367e-02
-1.417569999999999941e-01
1.810829999999999940e-01
7.442799999999999416e-02
-7.219210000000000349e-01
1.663270000000000026e-01
2.057809999999999917e-01
6.682719999999999771e-01
-2.197700000000000001e-02
-4.037749999999999950e-01
1.359269999999999923e-01
-1.241290000000000032e-01
-8.888000000000000067e-03
-4.582700000000000107e-01
1.276300000000000004e-02
3.683239999999999847e-01
1.727120000000000044e-01
8.767300000000000093e-02
1.391840000000000022e-01
5.972399999999999931e-02
-2.508960000000000079e-01
-1.582300000000000026e-02
-1.091970000000000024e-01
-4.853199999999999875e-02
4.660500000000000059e-02
4.709399999999999697e-02
9.535200000000000620e-02
-2.196369999999999989e-01
2.951540000000000274e-01
-2.996000000000000052e-02
-2.269130000000000036e-01
-2.692419999999999813e-01
3.274850000000000261e-01
-1.671479999999999910e-01
-9.513499999999999734e-02
3.622999999999999832e-02
6.178700000000000164e-02
2.361959999999999893e-01
4.605599999999999972e-02
-1.162750000000000034e-01
2.737379999999999813e-01
3.035919999999999730e-01
9.534399999999999820e-02
2.737379999999999813e-01
-2.475000000000000117e-02
2.737379999999999813e-01
-1.184660000000000019e-01
-4.884000000000000147e-02
-4.475850000000000106e-01
2.126750000000000029e-01
-3.924099999999999810e-02
-1.443570000000000131e-01
-2.769499999999999740e-01
7.631200000000000483e-02
-1.599970000000000003e-01
-5.703799999999999842e-02
-3.134839999999999849e-01
2.737379999999999813e-01
-8.194700000000000595e-02
1.168109999999999982e-01
-2.446399999999999963e-01
3.654830000000000023e-01
-6.183450000000000335e-01
4.346889999999999921e-01
3.654830000000000023e-01
-2.690179999999999794e-01
1.638320000000000054e-01
-1.598960000000000103e-01
-1.191979999999999984e-01
1.221809999999999979e-01
-3.050669999999999771e-01
1.341009999999999980e-01
1.528529999999999889e-01
-2.582650000000000223e-01
-4.561230000000000007e-01
1.336700000000000041e-02
7.813900000000000012e-02
7.599400000000000599e-02
1.773869999999999891e-01
2.302329999999999932e-01
-4.162099999999999828e-02
-2.917799999999999838e-01
8.592900000000000538e-02
-6.065099999999999936e-01
-1.655280000000000085e-01
-1.302560000000000107e-01
8.705000000000000238e-02
-4.360200000000000187e-02
5.664000000000000284e-02
-5.235000000000000070e-02
3.426739999999999786e-01
1.346600000000000054e-02
9.889000000000000568e-02
-1.936099999999999974e-02
2.578489999999999949e-01
2.578489999999999949e-01
7.947400000000000297e-02
6.890100000000000391e-02
-9.336899999999999367e-02
6.464599999999999513e-02
3.100899999999999837e-02
2.071949999999999903e-01
6.252699999999999925e-02
2.071949999999999903e-01
2.071949999999999903e-01
2.071949999999999903e-01
-2.572630000000000194e-01
2.071949999999999903e-01
2.071949999999999903e-01
-1.340098000000000011e+00
2.071949999999999903e-01
-1.060173999999999950e+00
8.498480000000000478e-01
2.071949999999999903e-01
-8.666000000000000092e-02
2.071949999999999903e-01
2.071949999999999903e-01
2.071949999999999903e-01
-2.908310000000000062e-01
-5.708860000000000046e-01
2.071949999999999903e-01
2.071949999999999903e-01
4.174550000000000205e-01
1.243699999999999944e-01
8.121469999999999523e-01
-1.538549999999999918e-01
2.614190000000000125e-01
2.357970000000000066e-01
1.368699999999999951e-02
-9.998200000000000143e-02
-1.795990000000000086e-01
1.599379999999999968e-01
-2.335312000000000054e+00
-1.069869999999999988e-01
-2.178889999999999993e-01
4.174550000000000205e-01
3.096000000000000141e-02
-5.451099999999999696e-02
-3.916419999999999901e-01
2.771290000000000142e-01
1.009400000000000019e-01
4.174550000000000205e-01
2.710259999999999891e-01
2.616310000000000024e-01
-2.867270000000000096e-01
2.616310000000000024e-01
2.616310000000000024e-01
2.616310000000000024e-01
6.773879999999999901e-01
2.616310000000000024e-01
2.616310000000000024e-01
-9.951499999999999790e-01
2.616310000000000024e-01
-2.503775000000000084e+00
1.215600000000000014e-01
2.616310000000000024e-01
2.616310000000000024e-01
-1.321600000000000032e-02
2.616310000000000024e-01
-4.287099999999999939e-02
2.616310000000000024e-01
-9.163940000000000419e-01
1.604530000000000123e-01
9.207920000000000549e-01
-2.840829999999999744e-01
6.624099999999999433e-02
6.624099999999999433e-02
6.624099999999999433e-02
6.624099999999999433e-02
6.624099999999999433e-02
6.624099999999999433e-02
6.624099999999999433e-02
6.624099999999999433e-02
6.624099999999999433e-02
-3.941020000000000079e-01
6.624099999999999433e-02
6.624099999999999433e-02
6.624099999999999433e-02
6.624099999999999433e-02
-1.223879999999999968e-01
6.624099999999999433e-02
6.624099999999999433e-02
-3.255179999999999740e-01
6.624099999999999433e-02
6.624099999999999433e-02
2.465299999999999991e-01
3.480909999999999838e-01
2.465299999999999991e-01
2.465299999999999991e-01
-1.707789999999999864e-01
2.465299999999999991e-01
2.465299999999999991e-01
1.671800000000000022e-02
-2.417110000000000092e-01
-9.551999999999999727e-03
-4.227569999999999939e-01
5.152299999999999935e-02
2.465299999999999991e-01
-7.560300000000000353e-02
-2.738570000000000171e-01
1.053199999999999970e-02
-2.472679999999999878e-01
-2.250189999999999968e-01
-4.708579999999999988e-01
2.465299999999999991e-01
-1.516900000000000019e-02
3.563069999999999848e-01
-2.475309000000000204e+00
7.373200000000000587e-02
-7.992399999999999505e-02
1.748969999999999969e-01
1.119249999999999967e-01
-6.062600000000000211e-01
3.563069999999999848e-01
1.669380000000000031e-01
1.234829999999999955e-01
-4.894049999999999789e-01
5.222059999999999480e-01
1.208909999999999985e-01
4.363800000000000318e-02
6.475060000000000260e-01
2.251219999999999888e-01
5.089120000000000310e-01
-4.004449999999999954e-01
4.892389999999999795e-01
6.812000000000000347e-03
1.234299999999999981e-01
1.939440000000000053e-01
-4.841630000000000100e-01
1.939440000000000053e-01
-2.164230000000000043e-01
-3.850000000000000089e-01
1.939440000000000053e-01
-1.226229999999999959e-01
1.939440000000000053e-01
-8.630100000000000271e-02
-1.097260000000000041e-01
-4.743100000000000094e-02
-2.332000000000000045e-02
1.939440000000000053e-01
1.939440000000000053e-01
-4.555109999999999992e-01
2.164959999999999940e-01
-2.755399999999999863e-02
1.939440000000000053e-01
-3.937000000000000395e-03
1.939440000000000053e-01
1.939440000000000053e-01
2.318709999999999938e-01
-8.694499999999999451e-02
2.318709999999999938e-01
-1.390969999999999984e-01
-1.486099999999999921e-02
-7.195699999999999319e-02
-2.496440000000000048e-01
-8.698500000000000676e-02
-5.532100000000000212e-02
-2.027680000000000038e-01
1.398399999999999921e-01
-1.674300000000000094e-02
2.318709999999999938e-01
4.182099999999999707e-02
7.681399999999999340e-02
-1.801169999999999993e-01
6.264400000000000523e-02
-1.930530000000000024e-01
1.631910000000000027e-01
1.016799999999999995e-02
1.073979999999999935e-01
3.300580000000000180e-01
1.597530000000000061e-01
9.207700000000000606e-02
-1.417983999999999911e+00
-2.960729999999999862e+00
-8.632199999999999596e-02
4.409500000000000225e-02
3.300580000000000180e-01
5.755989999999999718e-01
4.923099999999999699e-02
2.624319999999999986e-01
1.411270000000000024e-01
2.431600000000000081e-02
3.300580000000000180e-01
-8.810500000000000276e-02
-1.321829999999999949e-01
4.780100000000000321e-02
-3.869100000000000317e-02
2.662840000000000207e-01
6.769230000000000524e-01
1.394203000000000081e+00
-4.142513000000000112e+00
1.352859999999999896e-01
3.227740000000000054e-01
3.006869999999999821e-01
2.039289999999999992e-01
1.831530000000000102e-01
4.508019999999999805e-01
3.178750000000000187e-01
2.341870000000000063e-01
-5.301899999999999669e-02
2.247109999999999941e-01
3.227740000000000054e-01
1.915890000000000093e-01
-5.987890000000000157e-01
3.288639999999999897e-01
3.304010000000000002e-01
5.303999999999999687e-02
3.424740000000000006e-01
2.391800000000000037e-01
3.227740000000000054e-01
2.898229999999999973e-01
2.268099999999999977e-02
2.600569999999999826e-01
2.757879999999999776e-01
2.426899999999999891e-02
-1.857320000000000082e+00
2.757879999999999776e-01
2.757879999999999776e-01
1.499192000000000080e+00
3.239330000000000265e-01
2.707999999999999904e-03
-1.740299999999999903e-01
-2.910199999999999940e-02
7.399300000000000321e-02
2.343699999999999950e-02
-1.706971999999999934e+00
2.958699999999999872e-02
3.006899999999999851e-02
2.930180000000000007e-01
7.066799999999999471e-02
2.757879999999999776e-01
1.066100000000000034e-02
