-1.944279999999999897e-01
-5.773199999999999860e-02
-5.331999999999999934e-02
-1.298099999999999948e-02
-2.847699999999999884e-02
9.127699999999999703e-02
1.360210000000000030e-01
1.371840000000000004e-01
5.134199999999999875e-02
1.474800000000000069e-02
7.099900000000000655e-02
5.696299999999999975e-02
-2.597899999999999862e-02
2.378699999999999912e-02
6.603799999999999948e-02
5.229099999999999721e-02
4.762999999999999873e-03
-7.268099999999999561e-02
-5.662199999999999872e-02
1.185390000000000055e-01
1.996539999999999981e-01
-5.835100000000000009e-02
-7.620300000000000684e-02
1.890199999999999936e-01
-3.794800000000000256e-02
-1.109850000000000003e-01
1.333900000000000086e-01
8.725499999999999923e-02
1.273100000000000065e-01
8.853099999999999858e-02
-2.096599999999999853e-02
-1.230099999999999943e-01
1.149400000000000005e-01
-4.209299999999999847e-02
5.690400000000000319e-02
-4.315100000000000185e-02
9.507999999999999785e-02
-9.060000000000000345e-03
-2.366899999999999907e-02
8.149000000000000687e-02
4.993369999999999753e-01
1.729789999999999939e-01
1.464179999999999926e-01
-1.998999999999999909e-03
2.080220000000000125e-01
-1.491740000000000010e-01
-1.147559999999999969e-01
1.457739999999999869e-01
-2.034299999999999997e-02
3.060849999999999960e-01
8.140300000000000313e-02
-3.111000000000000050e-03
2.711300000000000168e-02
2.057819999999999927e-01
-1.105119999999999991e-01
-6.359999999999999551e-04
-9.398999999999999369e-03
-2.472999999999999938e-03
-9.442000000000000393e-02
-4.614399999999999752e-02
5.631699999999999900e-02
3.252120000000000011e-01
4.820860000000000145e-01
3.011659999999999893e-01
-1.942250000000000087e-01
3.670680000000000054e-01
1.455670000000000019e-01
-4.940499999999999753e-02
2.074830000000000008e-01
9.879100000000000381e-02
1.107220000000000010e-01
-8.831999999999999573e-03
-1.896680000000000033e-01
3.641500000000000292e-02
-5.017999999999999891e-03
1.223029999999999951e-01
6.134999999999999828e-03
2.121200000000000169e-02
1.348999999999999939e-03
-8.300200000000000633e-02
2.783000000000000057e-02
7.977099999999999469e-02
-7.449400000000000466e-02
1.939960000000000018e-01
2.210390000000000132e-01
-3.155000000000000165e-02
3.001639999999999864e-01
7.852599999999999858e-02
1.426599999999999917e-02
1.117530000000000051e-01
1.522399999999999969e-02
-9.556800000000000017e-02
9.286700000000000510e-02
-7.643600000000000394e-02
2.662000000000000130e-02
2.481559999999999877e-01
-1.314069999999999960e-01
2.241670000000000051e-01
-4.501499999999999946e-02
3.465999999999999897e-03
-6.039200000000000124e-02
-5.415500000000000175e-02
1.164580000000000060e-01
3.944599999999999773e-01
4.756300000000000111e-02
-4.377199999999999841e-02
-1.118600000000000011e-01
1.207949999999999996e-01
4.846999999999999920e-02
-6.766600000000000392e-02
2.429500000000000062e-02
1.159469999999999945e-01
8.361000000000000376e-03
6.105000000000000010e-02
-4.019199999999999856e-02
-8.903899999999999315e-02
1.178359999999999963e-01
-4.079999999999999968e-04
-3.224199999999999983e-02
-6.000000000000000125e-03
6.352299999999999613e-02
1.726000000000000104e-02
6.696599999999999775e-02
1.015699999999999936e-01
4.748390000000000111e-01
4.950899999999999745e-02
-1.573400000000000146e-02
-8.244400000000000339e-02
2.952949999999999742e-01
-1.148430000000000006e-01
-6.508799999999999308e-02
2.520000000000000018e-01
6.577800000000000313e-02
2.992099999999999968e-02
3.360400000000000054e-01
-8.920599999999999363e-02
7.136900000000000188e-02
2.185880000000000045e-01
1.674399999999999847e-02
1.066800000000000040e-02
-5.981500000000000011e-02
-1.057300000000000045e-01
-1.301800000000000006e-02
-1.086799999999999919e-02
1.568199999999999872e-01
5.095669999999999922e-01
2.531619999999999981e-01
5.068789999999999685e-01
-1.256659999999999999e-01
1.523609999999999964e-01
-7.176299999999999346e-02
-1.538069999999999993e-01
-7.501099999999999435e-02
1.418709999999999971e-01
1.288610000000000033e-01
1.666700000000000126e-02
1.080850000000000005e-01
-9.751400000000000345e-02
1.979200000000000056e-02
1.120509999999999978e-01
3.507850000000000135e-01
-6.084500000000000325e-02
-1.295370000000000132e-01
-1.794700000000000115e-02
-2.102599999999999955e-02
1.411399999999999877e-01
4.030270000000000241e-01
2.285310000000000119e-01
1.673419999999999908e-01
1.926680000000000059e-01
3.073819999999999886e-01
9.690999999999999961e-03
1.046470000000000039e-01
2.918499999999999914e-02
-1.235379999999999950e-01
-4.152600000000000041e-02
-8.234400000000000053e-02
1.199879999999999974e-01
-1.617570000000000119e-01
1.578170000000000128e-01
8.355300000000000227e-02
4.740860000000000074e-01
1.739000000000000094e-03
-2.009299999999999975e-02
1.915999999999999995e-02
6.576700000000000601e-02
-7.696200000000000263e-02
3.839799999999999880e-01
-5.069900000000000101e-02
3.290359999999999951e-01
-2.895899999999999863e-02
3.696079999999999921e-01
1.163269999999999998e-01
-5.145000000000000268e-02
8.690799999999999914e-02
1.323580000000000034e-01
1.903699999999999837e-02
6.256299999999999362e-02
-5.999199999999999672e-02
-9.805099999999999927e-02
1.056769999999999932e-01
-3.756299999999999917e-02
2.528090000000000059e-01
-1.082479999999999970e-01
-7.988299999999999568e-02
6.643499999999999406e-02
4.396400000000000308e-02
3.193599999999999911e-02
5.332980000000000498e-01
-1.326009999999999966e-01
2.496599999999999861e-02
-1.268950000000000078e-01
2.538489999999999913e-01
-8.196299999999999419e-02
-1.020410000000000067e-01
2.543380000000000085e-01
-4.481500000000000067e-02
1.503440000000000054e-01
1.257459999999999967e-01
-8.315500000000000669e-02
1.618979999999999864e-01
2.689259999999999984e-01
1.080649999999999944e-01
-3.933999999999999997e-02
-1.435799999999999924e-02
-1.142429999999999973e-01
-7.983999999999999778e-03
5.313099999999999767e-02
1.455349999999999977e-01
5.087869999999999893e-01
2.275439999999999963e-01
4.669000000000000407e-03
4.208400000000000335e-02
2.739260000000000028e-01
-1.887099999999999889e-02
2.245000000000000034e-03
-1.104009999999999991e-01
3.040900000000000269e-01
-2.293800000000000006e-02
-8.184700000000000308e-02
-2.317200000000000162e-02
-1.564339999999999897e-01
9.664599999999999580e-02
8.418899999999999995e-02
1.998630000000000129e-01
3.423999999999999960e-02
9.421000000000000554e-03
8.046000000000000374e-02
1.111800000000000010e-01
-4.861499999999999849e-02
1.259589999999999876e-01
-1.038039999999999935e-01
-4.267900000000000166e-02
-1.346100000000000074e-02
3.025939999999999741e-01
2.014739999999999864e-01
2.107090000000000074e-01
-1.495060000000000000e-01
-1.106999999999999911e-03
7.418500000000000094e-02
-7.380299999999999361e-02
-1.889999999999999970e-03
-1.673010000000000053e-01
-2.919499999999999873e-02
1.221460000000000046e-01
2.070130000000000026e-01
4.331800000000000234e-02
-5.704700000000000049e-02
4.533500000000000030e-02
1.225770000000000054e-01
3.425600000000000173e-02
9.670900000000000329e-02
7.797900000000000664e-02
-6.322999999999999454e-02
-5.097999999999999754e-02
2.886929999999999774e-01
-9.225600000000000467e-02
-5.688599999999999907e-02
-1.786000000000000087e-02
4.356999999999999762e-02
7.349500000000000477e-02
9.119199999999999529e-02
-2.308100000000000082e-02
1.560060000000000058e-01
1.649460000000000093e-01
-2.070900000000000171e-02
-4.483399999999999885e-02
-5.279500000000000165e-02
-6.819400000000000461e-02
-1.232100000000000035e-02
6.469800000000000550e-02
-4.358700000000000074e-02
3.736019999999999897e-01
1.907969999999999944e-01
-1.636009999999999964e-01
-2.860599999999999948e-02
7.434399999999999342e-02
6.891500000000000403e-02
5.231899999999999745e-02
6.397300000000000209e-02
3.049800000000000080e-02
-2.865799999999999945e-02
1.264530000000000098e-01
2.394800000000000054e-02
-3.036000000000000157e-02
1.370369999999999922e-01
9.106000000000000205e-02
7.461900000000000477e-02
-1.819700000000000137e-02
4.062099999999999739e-02
9.160999999999999699e-02
2.650000000000000012e-03
8.879099999999999493e-02
-1.478760000000000074e-01
-5.232799999999999951e-02
