2.197109999999999896e-01
5.590599999999999736e-02
1.628000000000000107e-03
1.636009999999999964e-01
1.245760000000000062e-01
1.018980000000000025e-01
1.834629999999999872e-01
5.142640000000000544e-01
-1.724330000000000029e-01
1.521550000000000125e-01
-1.375939999999999941e-01
4.491599999999999759e-02
1.918870000000000020e-01
8.786199999999999566e-02
4.712800000000000322e-02
1.378270000000000051e-01
1.251730000000000065e-01
8.179999999999999771e-02
-6.214499999999999885e-02
4.853140000000000231e-01
9.975399999999999545e-02
4.792480000000000073e-01
-2.673599999999999935e-02
4.988049999999999984e-01
5.004290000000000127e-01
2.463349999999999984e-01
1.027300000000000019e-01
1.540930000000000077e-01
9.337299999999999767e-02
-1.423010000000000108e-01
5.433799999999999741e-02
-1.483949999999999991e-01
1.984599999999999906e-02
4.970089999999999786e-01
2.280099999999999905e-01
1.722670000000000035e-01
1.377760000000000096e-01
1.487469999999999903e-01
5.257900000000000074e-02
-1.050360000000000044e-01
5.105840000000000378e-01
1.975590000000000124e-01
2.330699999999999994e-01
-1.032899999999999964e-02
4.919660000000000144e-01
4.212400000000000172e-02
-1.932899999999999896e-01
4.560469999999999802e-01
1.869200000000000028e-01
9.354500000000000315e-02
1.078179999999999972e-01
-1.013089999999999963e-01
1.129840000000000011e-01
1.205969999999999959e-01
4.830399999999999971e-02
4.804579999999999962e-01
-7.995499999999999829e-02
-4.347700000000000176e-02
1.939539999999999875e-01
-1.139800000000000015e-02
1.309099999999999986e-01
4.849459999999999882e-01
1.413470000000000004e-01
5.073260000000000547e-01
3.844700000000000201e-02
1.500899999999999977e-02
2.185940000000000105e-01
1.800170000000000103e-01
-6.148499999999999799e-02
4.647689999999999877e-01
4.775200000000000278e-02
-1.209299999999999958e-01
2.304920000000000024e-01
-1.420379999999999976e-01
1.210890000000000022e-01
2.044719999999999871e-01
5.004480000000000040e-01
1.043349999999999972e-01
1.804389999999999883e-01
2.479679999999999940e-01
5.791500000000000120e-02
-7.338300000000000378e-02
1.920870000000000077e-01
-1.209309999999999968e-01
4.932159999999999878e-01
-1.576660000000000006e-01
1.923400000000000110e-02
4.969470000000000276e-01
4.677450000000000219e-01
1.755359999999999976e-01
2.148900000000000116e-02
4.941809999999999814e-01
-7.140000000000000079e-04
5.017610000000000126e-01
1.823200000000000098e-01
-8.115300000000000291e-02
4.931740000000000013e-01
1.426810000000000023e-01
2.407179999999999875e-01
5.123889999999999834e-01
-8.141199999999999826e-02
-1.020289999999999947e-01
-9.559499999999999942e-02
4.965899999999999759e-01
1.381090000000000095e-01
-1.688659999999999883e-01
6.401400000000000146e-02
1.862729999999999941e-01
-1.513600000000000015e-02
5.157799999999999885e-02
1.933910000000000073e-01
-1.228400000000000047e-01
-8.232499999999999540e-02
1.526760000000000062e-01
5.543700000000000017e-02
1.816540000000000099e-01
1.766880000000000117e-01
-1.075569999999999998e-01
1.127689999999999942e-01
-2.370900000000000091e-02
6.596299999999999386e-02
5.251499999999999918e-02
1.560219999999999940e-01
7.482700000000000462e-02
4.840550000000000130e-01
1.793250000000000122e-01
-6.314599999999999380e-02
-7.574999999999999789e-02
2.340980000000000005e-01
6.152000000000000350e-03
7.446000000000000361e-03
2.010409999999999975e-01
3.108500000000000152e-02
4.678260000000000196e-01
1.836520000000000097e-01
3.388800000000000145e-02
1.053670000000000023e-01
1.910260000000000014e-01
2.262700000000000128e-02
-2.609239999999999893e-01
3.804199999999999943e-02
1.275300000000000045e-01
-4.193700000000000205e-02
-3.981400000000000217e-02
4.506500000000000089e-02
4.560670000000000002e-01
1.509560000000000068e-01
4.598530000000000117e-01
-4.253300000000000136e-02
4.974219999999999753e-01
2.568679999999999852e-01
2.702419999999999822e-01
5.960000000000000020e-03
1.445919999999999983e-01
2.464250000000000052e-01
-1.507850000000000024e-01
7.576800000000000201e-02
1.525199999999999993e-02
1.040129999999999943e-01
4.898560000000000136e-01
-3.158299999999999996e-02
1.468049999999999911e-01
-7.788999999999999917e-03
2.405309999999999948e-01
6.800100000000000589e-02
-1.074610000000000010e-01
4.878529999999999811e-01
1.820970000000000089e-01
4.866460000000000230e-01
3.872099999999999848e-02
1.763039999999999885e-01
-2.878530000000000255e-01
1.176050000000000012e-01
4.706429999999999780e-01
1.477269999999999972e-01
1.236339999999999939e-01
-6.092000000000000193e-03
1.296450000000000102e-01
1.519099999999999895e-01
1.016200000000000020e-01
4.344800000000000051e-02
4.932599999999999763e-01
-1.079019999999999979e-01
4.442200000000000315e-02
1.344909999999999994e-01
4.881079999999999863e-01
-5.039899999999999936e-02
1.859319999999999862e-01
5.103879999999999528e-01
4.740779999999999994e-01
3.216299999999999715e-02
4.815010000000000123e-01
1.312550000000000106e-01
-3.294799999999999812e-02
1.110970000000000013e-01
-4.369999999999999753e-03
-1.692099999999999854e-02
8.613200000000000023e-02
-6.326000000000000026e-03
-4.625200000000000145e-02
1.323010000000000019e-01
1.207190000000000069e-01
-3.137409999999999921e-01
6.803700000000000025e-02
4.506700000000000289e-02
2.739700000000000121e-02
3.118100000000000038e-02
-5.890000000000000270e-03
4.736650000000000027e-01
8.425499999999999656e-02
4.913440000000000030e-01
2.204929999999999946e-01
5.101569999999999716e-01
4.889589999999999770e-01
1.483490000000000086e-01
9.447099999999999942e-02
2.660410000000000275e-01
1.644930000000000003e-01
-1.175019999999999953e-01
1.127699999999999952e-01
-1.101570000000000049e-01
1.997000000000000077e-03
1.302250000000000074e-01
4.749459999999999793e-01
-1.446000000000000063e-01
4.999279999999999835e-01
2.170749999999999902e-01
2.299809999999999910e-01
-1.636599999999999999e-01
4.952529999999999988e-01
2.344130000000000102e-01
5.222590000000000288e-01
8.968099999999999683e-02
1.086320000000000063e-01
4.930490000000000150e-01
1.243110000000000048e-01
3.179099999999999981e-02
5.191799999999999748e-01
9.103999999999999593e-02
-1.496389999999999942e-01
9.521399999999999308e-02
-1.916650000000000020e-01
-3.913599999999999718e-02
4.970129999999999826e-01
5.162430000000000074e-01
1.534639999999999893e-01
2.795299999999999868e-02
5.102090000000000236e-01
1.541250000000000120e-01
-4.894099999999999839e-02
1.754159999999999886e-01
5.731399999999999689e-02
1.406199999999999950e-01
-2.387239999999999918e-01
7.909099999999999464e-02
2.453899999999999831e-02
1.351459999999999884e-01
1.507900000000000074e-01
-5.432200000000000223e-02
6.213699999999999779e-02
3.970499999999999724e-02
9.551900000000000668e-02
-5.682100000000000345e-02
5.473399999999999793e-02
-6.432300000000000517e-02
1.772690000000000099e-01
6.020699999999999663e-02
1.776590000000000114e-01
-3.011199999999999988e-02
-4.297499999999999931e-02
1.998099999999999876e-02
4.706759999999999833e-01
2.059429999999999872e-01
-1.754799999999999971e-01
5.106000000000000122e-02
1.293610000000000038e-01
-9.405800000000000272e-02
3.742100000000000287e-02
2.154689999999999939e-01
-3.026960000000000206e-01
7.693899999999999351e-02
2.328109999999999902e-01
3.615199999999999664e-02
1.268009999999999970e-01
1.581029999999999935e-01
1.642000000000000013e-03
4.607530000000000237e-01
6.435699999999999754e-02
8.422999999999999932e-02
4.356499999999999956e-02
1.757569999999999966e-01
1.719729999999999870e-01
4.712210000000000010e-01
2.121170000000000000e-01
-1.476089999999999902e-01
1.044289999999999941e-01
1.831790000000000085e-01
1.632760000000000045e-01
9.747400000000000508e-02
-4.467100000000000237e-02
1.107500000000000012e-01
4.696649999999999991e-01
-2.408100000000000171e-02
9.614999999999999936e-02
-2.811420000000000030e-01
3.300100000000000255e-02
1.999769999999999881e-01
4.904879999999999796e-01
1.479189999999999949e-01
1.259490000000000054e-01
1.501439999999999997e-01
1.959390000000000021e-01
8.130999999999999339e-03
4.817989999999999773e-01
6.088400000000000062e-02
-1.513249999999999873e-01
-1.159359999999999974e-01
4.863850000000000118e-01
5.104549999999999921e-01
1.030829999999999941e-01
1.017089999999999939e-01
1.619480000000000086e-01
1.789739999999999942e-01
-1.199530000000000041e-01
1.734269999999999978e-01
-2.963000000000000009e-02
1.818200000000000024e-02
1.925880000000000092e-01
4.992719999999999936e-01
4.962170000000000192e-01
1.155749999999999972e-01
1.218179999999999957e-01
5.326800000000000285e-02
-5.879199999999999704e-02
4.839350000000000041e-01
2.902599999999999972e-02
-6.260200000000000486e-02
1.674509999999999887e-01
4.887349999999999750e-01
5.107840000000000158e-01
4.989919999999999911e-01
-1.845680000000000098e-01
4.955129999999999812e-01
4.975510000000000210e-01
-1.080570000000000003e-01
5.073530000000000539e-01
-1.286680000000000046e-01
9.210300000000000431e-02
4.813720000000000221e-01
5.051510000000000167e-01
2.070329999999999948e-01
5.021339999999999693e-01
2.337249999999999883e-01
1.514119999999999910e-01
-8.140999999999999626e-02
1.496010000000000117e-01
4.664800000000000196e-02
-1.427549999999999930e-01
2.077749999999999875e-01
4.772589999999999888e-01
4.606330000000000147e-01
6.897899999999999865e-02
-2.347990000000000077e-01
5.094760000000000399e-01
1.305699999999999916e-02
3.216700000000000115e-02
4.912219999999999920e-01
-5.167100000000000165e-02
7.350900000000000489e-02
4.865309999999999913e-01
4.853640000000000176e-01
9.928499999999999825e-02
1.309480000000000088e-01
4.827949999999999742e-01
2.397390000000000077e-01
1.066809999999999981e-01
-1.551199999999999975e-02
-7.076699999999999657e-02
4.837899999999999978e-01
5.518800000000000094e-02
2.571100000000000052e-01
5.342369999999999619e-01
4.788259999999999739e-01
1.336769999999999903e-01
5.176150000000000473e-01
5.155859999999999888e-01
-1.682400000000000007e-01
5.272189999999999932e-01
-1.133989999999999998e-01
-2.895500000000000157e-02
5.005100000000000104e-01
5.045140000000000180e-01
-9.471799999999999664e-02
2.489909999999999901e-01
1.050500000000000045e-01
8.743399999999999783e-02
-7.679600000000000315e-02
5.027899999999999592e-01
5.051269999999999927e-01
4.603999999999999759e-01
2.040800000000000114e-01
4.744909999999999961e-01
2.102229999999999932e-01
4.838669999999999916e-01
-3.130100000000000243e-02
4.486400000000000110e-02
2.409800000000000136e-02
-2.529980000000000007e-01
5.002290000000000347e-01
-6.983200000000000518e-02
-8.569200000000000428e-02
1.237110000000000015e-01
4.644429999999999947e-01
1.878430000000000100e-01
-4.161999999999999728e-02
4.844439999999999857e-01
5.865999999999999687e-02
-5.584900000000000281e-02
4.625230000000000175e-01
4.551370000000000138e-01
1.405440000000000023e-01
-1.204049999999999981e-01
5.702399999999999830e-02
1.396799999999999986e-01
2.429900000000000115e-02
5.254700000000000343e-02
1.282800000000000086e-02
2.048689999999999956e-01
1.623140000000000138e-01
1.653810000000000002e-01
-5.028900000000000037e-02
3.178399999999999975e-02
-1.073099999999999922e-02
4.909850000000000048e-01
9.534800000000000220e-02
1.925439999999999929e-01
-1.878539999999999932e-01
3.923700000000000104e-02
4.682200000000000251e-02
2.482070000000000110e-01
7.865400000000000169e-02
